#           wa_fld,           w0_fld,          Omega_b,                h,              n_s,           sigma8,     Omega_m_camb,           bias_1,           bias_2,           bias_3,           bias_4,           bias_5,           bias_6,           bias_7,           bias_8,           bias_9,          bias_10,              aIA,            etaIA
 1.28991634744950060849e+05	 6.04718026350368745625e+05	-1.43867599082054640166e+06	 3.48064682591592427343e+05	 5.32740984359735157341e+05	 2.90499139163779607043e+06	 6.34712655318348552100e+05	 1.90624325104672025191e+05	 1.71346276378291833680e+05	 1.46673806124348309822e+05	 1.44068678448630904313e+05	 1.34504112616327125579e+05	 1.33134113264699553838e+05	 1.12889259823531087022e+05	 1.22083046547037985874e+05	 1.07262378233219307731e+05	 6.98111514583864482120e+04	 3.67310142226247648978e+02	 5.49834139781119574764e+02	
 6.04718026350368745625e+05	 2.90328514844913873821e+06	-6.71440141828961297870e+06	 1.61991635432505141944e+06	 2.50852339871030580252e+06	 1.39380816631524339318e+07	 2.48092590282982122153e+06	 1.18529587203293573111e+06	 9.77600365487436996773e+05	 7.78693775402739644051e+05	 7.22174458651718916371e+05	 6.39766484935244545341e+05	 6.03394131390588125214e+05	 4.89662816618893470149e+05	 5.07140809872134006582e+05	 4.24827490866470558103e+05	 2.61675122930590179749e+05	 1.06156080701131122623e+03	 1.45962533450690784775e+03	
-1.43867599082054640166e+06	-6.71440141828961297870e+06	 2.22353651705256924033e+07	-5.42433490380224213004e+06	-8.08558801721818000078e+06	-3.78975790466046482325e+07	-1.44652665861408617347e+07	-2.53065914384972630069e+06	-1.93796568061561696231e+06	-1.59278526617531082593e+06	-1.55997802087502763607e+06	-1.47935697874482441694e+06	-1.49249302496077539399e+06	-1.28863983302064775489e+06	-1.40980362872923188843e+06	-1.22587597198551055044e+06	-7.22377873346749460325e+05	 1.78663812644160685750e+02	-5.35161315020116717278e+02	
 3.48064682591592427343e+05	 1.61991635432505141944e+06	-5.42433490380224213004e+06	 1.32101326113555277698e+06	 2.01597251083885133266e+06	 9.22807513018071651459e+06	 3.66448778082942124456e+06	 6.18154599250811501406e+05	 4.61014659740722039714e+05	 3.77828603328906930983e+05	 3.71041100704153650440e+05	 3.53614361139420710970e+05	 3.58486309601747663692e+05	 3.10857353695002908353e+05	 3.41062052851167973131e+05	 2.96221388315626187250e+05	 1.72116810693802952301e+05	-4.76595562754825650131e+01	 1.55789459675480969736e+02	
 5.32740984359735157341e+05	 2.50852339871030580252e+06	-8.08558801721818000078e+06	 2.01597251083885133266e+06	 3.11362854942049505189e+06	 1.43495415137369707227e+07	 5.42142207525054737926e+06	 1.15655408709483686835e+06	 8.00377075737831182778e+05	 6.19075427643765229732e+05	 5.80293669687451096252e+05	 5.31753440522524062544e+05	 5.21521669959531514905e+05	 4.40058598683950840496e+05	 4.71018686786042875610e+05	 3.98362030751222104300e+05	 2.24704511441075592302e+05	-3.03183486257941808617e+02	-8.44914542054602861754e+01	
 2.90499139163779607043e+06	 1.39380816631524339318e+07	-3.78975790466046482325e+07	 9.22807513018071651459e+06	 1.43495415137369707227e+07	 7.90998965770361572504e+07	 2.49677856325357332826e+07	 5.93461963846898823977e+06	 5.05685735848933644593e+06	 4.00135434544727485627e+06	 3.66325691570134274662e+06	 3.20626493439927091822e+06	 2.98224395428040670231e+06	 2.38946084050687402487e+06	 2.44431272032613679767e+06	 2.01912207281156862155e+06	 1.22043313390248036012e+06	 4.07094423889964332375e+02	 1.85761499636913708855e+03	
 6.34712655318348552100e+05	 2.48092590282982122153e+06	-1.44652665861408617347e+07	 3.66448778082942124456e+06	 5.42142207525054737926e+06	 2.49677856325357332826e+07	 2.08099352294199950993e+07	-9.53756675649624899961e+05	 2.73946530766340089031e+05	 5.72093071474615484476e+05	 7.38376185009697219357e+05	 8.19896648786928504705e+05	 9.05171989835141459480e+05	 8.28790823158679530025e+05	 9.48042357850885484368e+05	 8.59633717142695677467e+05	 5.37671641033801948652e+05	 1.72492310581536548852e+04	 3.01905970638389408123e+04	
 1.90624325104672025191e+05	 1.18529587203293573111e+06	-2.53065914384972630069e+06	 6.18154599250811501406e+05	 1.15655408709483686835e+06	 5.93461963846898823977e+06	-9.53756675649624899961e+05	 3.60201535736229317263e+06	 3.65203956578135082964e+05	 7.70591690517655661097e+03	 2.94197765153947239014e+03	 5.26040623158957259875e+02	 1.53925149786107084537e+02	 6.57652652990124408916e+01	 3.10936891486948638885e+01	 2.86851505790725269662e+00	 4.78804353190042064625e+00	 8.32979533189624419265e+01	 4.78982343021410201800e+01	
 1.71346276378291833680e+05	 9.77600365487436996773e+05	-1.93796568061561696231e+06	 4.61014659740722039714e+05	 8.00377075737831182778e+05	 5.05685735848933644593e+06	 2.73946530766340089031e+05	 3.65203956578135082964e+05	 1.89936635124720539898e+06	 3.57337951259287190624e+05	 9.53551207069173324271e+03	 2.34744915157138620998e+03	 3.68403895679677702901e+02	 3.25901821442572554588e+01	 1.23296690021156010175e+01	 1.65533753563095586969e+00	 1.68772212843078506239e+00	-2.85373207025849069396e+01	-2.91802290233765120320e+01	
 1.46673806124348309822e+05	 7.78693775402739644051e+05	-1.59278526617531082593e+06	 3.77828603328906930983e+05	 6.19075427643765229732e+05	 4.00135434544727485627e+06	 5.72093071474615484476e+05	 7.70591690517655661097e+03	 3.57337951259287190624e+05	 1.15484262213734048419e+06	 3.41984730304396594875e+05	 8.96676160153290402377e+03	 2.03842665844470775482e+03	 2.75683883092356325051e+02	 2.99806661509806815502e+01	 6.08625214426199434570e+00	 8.38472007780090677898e-01	 2.18627725299116093538e+01	 2.12530027243490167166e+01	
 1.44068678448630904313e+05	 7.22174458651718916371e+05	-1.55997802087502763607e+06	 3.71041100704153650440e+05	 5.80293669687451096252e+05	 3.66325691570134274662e+06	 7.38376185009697219357e+05	 2.94197765153947239014e+03	 9.53551207069173324271e+03	 3.41984730304396594875e+05	 9.44438030720089329407e+05	 3.02198425427156791557e+05	 1.08277807577945131925e+04	 1.79156448647787237860e+03	 2.37354701088461467862e+02	 1.77229053042145601182e+01	 4.89343985781922086176e+00	 6.52106229228051148539e+00	 5.72219116426111895635e+00	
 1.34504112616327125579e+05	 6.39766484935244545341e+05	-1.47935697874482441694e+06	 3.53614361139420710970e+05	 5.31753440522524062544e+05	 3.20626493439927091822e+06	 8.19896648786928504705e+05	 5.26040623158957259875e+02	 2.34744915157138620998e+03	 8.96676160153290402377e+03	 3.02198425427156791557e+05	 7.60062716403810074553e+05	 2.67873553452323307283e+05	 8.54709736361205068533e+03	 1.64679983914130525591e+03	 1.30676106604170286118e+02	 1.08540163114073422435e+01	-6.29283125276425181482e+00	-1.48200070672208994438e+00	
 1.33134113264699553838e+05	 6.03394131390588125214e+05	-1.49249302496077539399e+06	 3.58486309601747663692e+05	 5.21521669959531514905e+05	 2.98224395428040670231e+06	 9.05171989835141459480e+05	 1.53925149786107084537e+02	 3.68403895679677702901e+02	 2.03842665844470775482e+03	 1.08277807577945131925e+04	 2.67873553452323307283e+05	 6.97725738304861471988e+05	 2.30661747345009876881e+05	 1.18299352108242928807e+04	 1.01366504789442569745e+03	 7.32831392755966390951e+01	 3.76230463025599561888e+01	 3.97897293593754852736e+01	
 1.12889259823531087022e+05	 4.89662816618893470149e+05	-1.28863983302064775489e+06	 3.10857353695002908353e+05	 4.40058598683950840496e+05	 2.38946084050687402487e+06	 8.28790823158679530025e+05	 6.57652652990124408916e+01	 3.25901821442572554588e+01	 2.75683883092356325051e+02	 1.79156448647787237860e+03	 8.54709736361205068533e+03	 2.30661747345009876881e+05	 5.17605764025774376933e+05	 1.96093400748979940545e+05	 4.90333367580574849853e+03	 3.72530725664767658145e+02	 3.94044518564967916063e+01	 4.68023342297504143517e+01	
 1.22083046547037985874e+05	 5.07140809872134006582e+05	-1.40980362872923188843e+06	 3.41062052851167973131e+05	 4.71018686786042875610e+05	 2.44431272032613679767e+06	 9.48042357850885484368e+05	 3.10936891486948638885e+01	 1.23296690021156010175e+01	 2.99806661509806815502e+01	 2.37354701088461467862e+02	 1.64679983914130525591e+03	 1.18299352108242928807e+04	 1.96093400748979940545e+05	 6.07945598918654606678e+05	 1.49412518721345230006e+05	 2.73990709531118773157e+03	 5.56701659668702646400e+01	 8.33898081686973853266e+01	
 1.07262378233219307731e+05	 4.24827490866470558103e+05	-1.22587597198551055044e+06	 2.96221388315626187250e+05	 3.98362030751222104300e+05	 2.01912207281156862155e+06	 8.59633717142695677467e+05	 2.86851505790725269662e+00	 1.65533753563095586969e+00	 6.08625214426199434570e+00	 1.77229053042145601182e+01	 1.30676106604170286118e+02	 1.01366504789442569745e+03	 4.90333367580574849853e+03	 1.49412518721345230006e+05	 5.65729839376687188633e+05	 7.44193875091799709480e+04	-4.61047199407494048273e+01	-9.17936893614340192471e+01	
 6.98111514583864482120e+04	 2.61675122930590179749e+05	-7.22377873346749460325e+05	 1.72116810693802952301e+05	 2.24704511441075592302e+05	 1.22043313390248036012e+06	 5.37671641033801948652e+05	 4.78804353190042064625e+00	 1.68772212843078506239e+00	 8.38472007780090677898e-01	 4.89343985781922086176e+00	 1.08540163114073422435e+01	 7.32831392755966390951e+01	 3.72530725664767658145e+02	 2.73990709531118773157e+03	 7.44193875091799709480e+04	 3.94154102421521209180e+05	-2.56156068042161678022e+02	-4.48088487290181660683e+02	
 3.67310142226247648978e+02	 1.06156080701131122623e+03	 1.78663812644160685750e+02	-4.76595562754825650131e+01	-3.03183486257941808617e+02	 4.07094423889964332375e+02	 1.72492310581536548852e+04	 8.32979533189624419265e+01	-2.85373207025849069396e+01	 2.18627725299116093538e+01	 6.52106229228051148539e+00	-6.29283125276425181482e+00	 3.76230463025599561888e+01	 3.94044518564967916063e+01	 5.56701659668702646400e+01	-4.61047199407494048273e+01	-2.56156068042161678022e+02	 3.47076486314032626979e+03	 5.55370906105096582905e+03	
 5.49834139781119574764e+02	 1.45962533450690784775e+03	-5.35161315020116717278e+02	 1.55789459675480969736e+02	-8.44914542054602861754e+01	 1.85761499636913708855e+03	 3.01905970638389408123e+04	 4.78982343021410201800e+01	-2.91802290233765120320e+01	 2.12530027243490167166e+01	 5.72219116426111895635e+00	-1.48200070672208994438e+00	 3.97897293593754852736e+01	 4.68023342297504143517e+01	 8.33898081686973853266e+01	-9.17936893614340192471e+01	-4.48088487290181660683e+02	 5.55370906105096582905e+03	 9.07423890007640147815e+03	
