# Omegam Omegab h ns sigma8 mnu Neff lnbgs8_1 lnbgs8_2 lnbgs8_3 lnbgs8_4 Ps_1 Ps_2 Ps_3 Ps_4
<<<<<<< HEAD
2347474.5905777668	-1669740.158879361	-4049674.2840023884	315137.71221779234	331069.8873695372	-21395.80930607273	-13148.26189137367	624497.7016867044	643025.3365655288	560630.9748253487	524620.8771790636	68.97495238768526	67.21537808432309	56.06783924062126	51.07850502609498
-1669740.158879361	4797819.710331711	-50218.11890600395	-901910.6881097105	28526.02033530763	75865.22514089044	39869.80379406704	-72816.09921645361	-31553.768764119188	32409.00993337913	158786.67894994057	-40.30813595606954	-36.71981403752567	-27.951167306286557	-21.19694534638147
-4049674.2840023884	-50218.11890600395	13722297.955259675	120429.01784528802	-1685371.462278757	-55120.16912178944	-3572.9273726356705	-1852172.1766588315	-1816414.3285058886	-1547297.261962181	-1483358.472852234	-174.34322540261527	-161.00802165718915	-128.29924046145413	-112.59777408238182
315137.71221779234	-901910.6881097105	120429.01784528802	254852.30178110598	-41123.46309615833	-21882.77316387396	-8009.419556343786	-19354.9162121962	-31884.057757608913	-45217.67560102175	-79997.47244756157	8.743556252980772	7.670639667555729	5.508923834004195	3.6163469212005577
331069.8873695372	28526.02033530763	-1685371.462278757	-41123.46309615833	273532.0722427733	12022.393911675035	575.2452450790888	202906.69206970514	195671.4598450609	165288.8670776852	160362.9557623102	18.26858153447474	16.527581286617202	12.973112379178227	11.363640072560218
-21395.80930607273	75865.22514089044	-55120.16912178944	-21882.77316387396	12022.393911675035	2328.2508278954574	651.6112868174363	6026.171559160875	7218.686200998389	7800.289374569519	10734.059567125034	-0.1910891645957498	-0.11496655704231529	-0.02615075911720771	0.08961996740777942
-13148.26189137367	39869.80379406704	-3572.9273726356705	-8009.419556343786	575.2452450790888	651.6112868174363	364.1808141863223	-323.6707325821458	50.499984122558544	576.1471437232458	1682.9641509341145	-0.3236181742486434	-0.2919290127401145	-0.2193842236081147	-0.16169494183508495
624497.7016867044	-72816.09921645361	-1852172.1766588315	-19354.9162121962	202906.69206970514	6026.171559160875	-323.6707325821458	1013974.6383756055	0.0	0.0	0.0	86.41660310203449	0.0	0.0	0.0
643025.3365655288	-31553.768764119188	-1816414.3285058886	-31884.057757608913	195671.4598450609	7218.686200998389	50.499984122558544	0.0	1020074.0601588145	0.0	0.0	0.0	82.41998043076185	0.0	0.0
560630.9748253487	32409.00993337913	-1547297.261962181	-45217.67560102175	165288.8670776852	7800.289374569519	576.1471437232458	0.0	0.0	892609.9950114028	0.0	0.0	0.0	67.90066137705622	0.0
524620.8771790636	158786.67894994057	-1483358.472852234	-79997.47244756157	160362.9557623102	10734.059567125034	1682.9641509341145	0.0	0.0	0.0	884941.818955518	0.0	0.0	0.0	62.038191919205936
68.97495238768526	-40.30813595606954	-174.34322540261527	8.743556252980772	18.26858153447474	-0.1910891645957498	-0.3236181742486434	86.41660310203449	0.0	0.0	0.0	0.009851360533455861	0.0	0.0	0.0
67.21537808432309	-36.71981403752567	-161.00802165718915	7.670639667555729	16.527581286617202	-0.11496655704231529	-0.2919290127401145	0.0	82.41998043076185	0.0	0.0	0.0	0.00897005045571648	0.0	0.0
56.06783924062126	-27.951167306286557	-128.29924046145413	5.508923834004195	12.973112379178227	-0.02615075911720771	-0.2193842236081147	0.0	0.0	67.90066137705622	0.0	0.0	0.0	0.00705511282386036	0.0
51.07850502609498	-21.19694534638147	-112.59777408238182	3.6163469212005577	11.363640072560218	0.08961996740777942	-0.16169494183508495	0.0	0.0	0.0	62.038191919205936	0.0	0.0	0.0	0.006139171309724579
=======
2347421.822968268	-1669413.7017833602	-4049687.8553682826	315060.3532215472	331095.5525152873	-21483.076241869614	-13146.044274445872	624513.1261643026	643046.0512431982	560653.9188195032	524650.8989830797	68.97359738464948	67.21458833459471	56.06760222290124	51.07880688507853
-1669413.7017833602	4797348.694689817	-50448.63194450474	-901857.0378325715	28549.690993137025	76016.92397318431	39858.048456375924	-72776.7870177906	-31517.07285882812	32433.261286480236	158797.0893964752	-40.301124600122556	-36.713137553788734	-27.946190780314627	-21.193013022743106
-4049687.8553682826	-50448.63194450474	13721514.797612736	120490.55050402545	-1685323.4206126626	-55036.013029997106	-3564.013041870444	-1852116.823898708	-1816356.6824929276	-1547243.726557022	-1483298.3244082155	-174.33929104633341	-161.00435504433207	-128.29625128024696	-112.59497271096001
315060.3532215472	-901857.0378325715	120490.55050402545	254855.10184590553	-41131.67909228474	-21922.143947837772	-8006.38978428257	-19365.65487441761	-31894.497868494043	-45226.30583281606	-80004.84201470428	8.742407827414493	7.669563424150598	5.508055197600654	3.615577705304615
331095.5525152873	28549.690993137025	-1685323.4206126626	-41131.67909228474	273531.2067531509	12015.873586680023	573.8894860388104	202906.58180322585	195671.09867301272	165288.18541973009	160361.43961238395	18.268659543741368	16.52765996496355	12.973179183922054	11.363694730787682
-21483.076241869614	76016.92397318431	-55036.013029997106	-21922.143947837772	12015.873586680023	2334.9131594470227	652.7194574214817	6014.285244816602	7208.360573466611	7793.502424599128	10732.54791833843	-0.19312549804429271	-0.11686826000535327	-0.027674775109333666	0.08832424905298605
-13146.044274445872	39858.048456375924	-3564.013041870444	-8006.38978428257	573.8894860388104	652.7194574214817	364.00462816966296	-324.9702917418663	49.030096592718564	574.6401088013572	1681.041418937592	-0.32357720829507997	-0.29190294013658397	-0.21937431091491952	-0.16170546990277015
624513.1261643026	-72776.7870177906	-1852116.823898708	-19365.65487441761	202906.58180322585	6014.285244816602	-324.9702917418663	1013973.1846024409	0.0	0.0	0.0	86.41695173175285	0.0	0.0	0.0
643046.0512431982	-31517.07285882812	-1816356.6824929276	-31894.497868494043	195671.09867301272	7208.360573466611	49.030096592718564	0.0	1020071.3216965762	0.0	0.0	0.0	82.42034447577574	0.0	0.0
560653.9188195032	32433.261286480236	-1547243.726557022	-45226.30583281606	165288.18541973009	7793.502424599128	574.6401088013572	0.0	0.0	892605.5869027455	0.0	0.0	0.0	67.90097803752747	0.0
524650.8989830797	158797.0893964752	-1483298.3244082155	-80004.84201470428	160361.43961238395	10732.54791833843	1681.041418937592	0.0	0.0	0.0	884932.7499468328	0.0	0.0	0.0	62.03844880942997
68.97359738464948	-40.301124600122556	-174.33929104633341	8.742407827414493	18.268659543741368	-0.19312549804429271	-0.32357720829507997	86.41695173175285	0.0	0.0	0.0	0.009851298187991082	0.0	0.0	0.0
67.21458833459471	-36.713137553788734	-161.00435504433207	7.669563424150598	16.52765996496355	-0.11686826000535327	-0.29190294013658397	0.0	82.42034447577574	0.0	0.0	0.0	0.008970006206547579	0.0	0.0
56.06760222290124	-27.946190780314627	-128.29625128024696	5.508055197600654	12.973179183922054	-0.027674775109333666	-0.21937431091491952	0.0	0.0	67.90097803752747	0.0	0.0	0.0	0.00705509053998735	0.0
51.07880688507853	-21.193013022743106	-112.59497271096001	3.615577705304615	11.363694730787682	0.08832424905298605	-0.16170546990277015	0.0	0.0	0.0	62.03844880942997	0.0	0.0	0.0	0.00613916676335486
>>>>>>> 928f00c1f87fd98f0cc54fd75364770c38e70f92
