#           w0_fld,           wa_fld,          Omega_b,                h,              n_s,           sigma8,     Omega_m_camb,          P_shot0,          P_shot1,          P_shot2,          P_shot3,      lnbsigma8_0,      lnbsigma8_1,      lnbsigma8_2,      lnbsigma8_3
 7.04562826526419958100e+04	 1.64074207616179228353e+04	 8.05395027071853110101e+04	-7.68639939208972500637e+05	-5.60933729478786408436e+04	 8.78950007746011542622e+04	 2.37441073300700518303e+05	 8.41244496716453582508e+00	 8.51854509456107678034e+00	 7.29024735679589497295e+00	 6.89130046601742840551e+00	 1.22602219365828030277e+05	 1.27316982829476852203e+05	 1.13824775063294626307e+05	 1.16182128699650987983e+05	
 1.64074207616179228353e+04	 4.28515230211935249827e+03	 2.12654842774422795628e+04	-1.48552602563930966426e+05	-1.34469889787267584325e+04	 1.23178825009562915511e+04	 6.11233371476103493478e+04	 1.62143135461498832939e+00	 1.80365647613756419076e+00	 1.65232105115253968819e+00	 1.65823586135007361442e+00	 2.52110772506798748509e+04	 2.83768345209510007408e+04	 2.68528606210912330425e+04	 2.87571912787627152284e+04	
 8.05395027071853110101e+04	 2.12654842774422795628e+04	 4.60876854616493452340e+06	-2.07353852573455260426e+04	-8.84182305076771299355e+05	 2.82328548520612239372e+04	-1.60709574456574581563e+06	-3.85073838682752835894e+01	-3.50637099642176082170e+01	-2.67127777178343563946e+01	-2.02860404520450856580e+01	-7.10580814817587961443e+04	-3.07821084510564542143e+04	 3.15278700861249380978e+04	 1.55475112643536616815e+05	
-7.68639939208972500637e+05	-1.48552602563930966426e+05	-2.07353852573455260426e+04	 1.41034032339514847845e+07	 1.11083606852801487548e+05	-1.74035565024977503344e+06	-3.90070882529173232615e+06	-1.72328327339810812191e+02	-1.59213033417668071934e+02	-1.27024221571478904025e+02	-1.11690435801121751069e+02	-1.86037676635171659291e+06	-1.82521229612646438181e+06	-1.55665207327111251652e+06	-1.49555793054419243708e+06	
-5.60933729478786408436e+04	-1.34469889787267584325e+04	-8.84182305076771299355e+05	 1.11083606852801487548e+05	 2.53434369962414464680e+05	-4.10952421004517818801e+04	 3.11431861776846344583e+05	 8.58482030685352626165e+00	 7.54627686364045668910e+00	 5.44034550667047334116e+00	 3.59843715770971961376e+00	-1.84299378940289934690e+04	-3.07710346349945175461e+04	-4.40514287234070288832e+04	-7.87582181719053769484e+04	
 8.78950007746011542622e+04	 1.23178825009562915511e+04	 2.82328548520612239372e+04	-1.74035565024977503344e+06	-4.10952421004517818801e+04	 2.84980619034659408499e+05	 2.98921443122170632705e+05	 1.79440199161438656006e+01	 1.62484649426405098893e+01	 1.27787847633450901697e+01	 1.12308348406226095051e+01	 2.02339041463004425168e+05	 1.95387045362791803200e+05	 1.65462337673052854370e+05	 1.61287022719844098901e+05	
 2.37441073300700518303e+05	 6.11233371476103493478e+04	-1.60709574456574581563e+06	-3.90070882529173232615e+06	 3.11431861776846344583e+05	 2.98921443122170632705e+05	 2.28319085663053160533e+06	 6.54983822985810917316e+01	 6.38237563063498001270e+01	 5.32989677095393901141e+01	 4.86334703152790979175e+01	 6.07634353473544353619e+05	 6.25135107566789491102e+05	 5.45054903530403506011e+05	 5.09864062587203690782e+05	
 8.41244496716453582508e+00	 1.62143135461498832939e+00	-3.85073838682752835894e+01	-1.72328327339810812191e+02	 8.58482030685352626165e+00	 1.79440199161438656006e+01	 6.54983822985810917316e+01	 9.39634820675606767526e-03	0.00000000000000000000e+00	 3.09272904866226411302e-19	 3.03978948945887034183e-19	 8.40451211810351708209e+01	0.00000000000000000000e+00	0.00000000000000000000e+00	 6.58501031480795973039e-15	
 8.51854509456107678034e+00	 1.80365647613756419076e+00	-3.50637099642176082170e+01	-1.59213033417668071934e+02	 7.54627686364045668910e+00	 1.62484649426405098893e+01	 6.38237563063498001270e+01	0.00000000000000000000e+00	 8.56318314298409530294e-03	0.00000000000000000000e+00	0.00000000000000000000e+00	0.00000000000000000000e+00	 8.02306731103102919178e+01	0.00000000000000000000e+00	0.00000000000000000000e+00	
 7.29024735679589497295e+00	 1.65232105115253968819e+00	-2.67127777178343563946e+01	-1.27024221571478904025e+02	 5.44034550667047334116e+00	 1.27787847633450901697e+01	 5.32989677095393901141e+01	 3.09272904866226411302e-19	0.00000000000000000000e+00	 6.74599940886080450680e-03	0.00000000000000000000e+00	0.00000000000000000000e+00	0.00000000000000000000e+00	 6.62046583914783184355e+01	0.00000000000000000000e+00	
 6.89130046601742840551e+00	 1.65823586135007361442e+00	-2.02860404520450856580e+01	-1.11690435801121751069e+02	 3.59843715770971961376e+00	 1.12308348406226095051e+01	 4.86334703152790979175e+01	 3.03978948945887034183e-19	0.00000000000000000000e+00	0.00000000000000000000e+00	 5.88318990665876763446e-03	0.00000000000000000000e+00	0.00000000000000000000e+00	0.00000000000000000000e+00	 6.06310296221170546005e+01	
 1.22602219365828030277e+05	 2.52110772506798748509e+04	-7.10580814817587961443e+04	-1.86037676635171659291e+06	-1.84299378940289934690e+04	 2.02339041463004425168e+05	 6.07634353473544353619e+05	 8.40451211810351708209e+01	0.00000000000000000000e+00	0.00000000000000000000e+00	0.00000000000000000000e+00	 1.00735513625011709519e+06	0.00000000000000000000e+00	0.00000000000000000000e+00	 3.26565441355342045426e-11	
 1.27316982829476852203e+05	 2.83768345209510007408e+04	-3.07821084510564542143e+04	-1.82521229612646438181e+06	-3.07710346349945175461e+04	 1.95387045362791803200e+05	 6.25135107566789491102e+05	0.00000000000000000000e+00	 8.02306731103102919178e+01	0.00000000000000000000e+00	0.00000000000000000000e+00	0.00000000000000000000e+00	 1.01386767137754079886e+06	0.00000000000000000000e+00	0.00000000000000000000e+00	
 1.13824775063294626307e+05	 2.68528606210912330425e+04	 3.15278700861249380978e+04	-1.55665207327111251652e+06	-4.40514287234070288832e+04	 1.65462337673052854370e+05	 5.45054903530403506011e+05	0.00000000000000000000e+00	0.00000000000000000000e+00	 6.62046583914783184355e+01	0.00000000000000000000e+00	0.00000000000000000000e+00	0.00000000000000000000e+00	 8.88183526028668158688e+05	 3.37365690938895568252e-11	
 1.16182128699650987983e+05	 2.87571912787627152284e+04	 1.55475112643536616815e+05	-1.49555793054419243708e+06	-7.87582181719053769484e+04	 1.61287022719844098901e+05	 5.09864062587203690782e+05	 6.58501031480795973039e-15	0.00000000000000000000e+00	0.00000000000000000000e+00	 6.06310296221170546005e+01	 3.26565441355342045426e-11	0.00000000000000000000e+00	 3.37365690938895568252e-11	 8.82323018140068976209e+05	
