#           w0_fld,           wa_fld,          Omega_b,                h,              n_s,           sigma8,     Omega_m_camb,          P_shot0,          P_shot1,          P_shot2,          P_shot3,      lnbsigma8_0,      lnbsigma8_1,      lnbsigma8_2,      lnbsigma8_3
 7.97994511852096329676e+04	 1.89840876934656225785e+04	 1.62061722453168185893e+04	-6.49942192790898407111e+04	-3.66651727681577831390e+04	 9.60367576936776749790e+04	 3.29091939885249012150e+05	 1.30231333579250492249e+01	 1.29663266165928838802e+01	 1.07610332873175558177e+01	 9.62767357253563282882e+00	 1.47648071550652908627e+05	 1.50736916305848455522e+05	 1.31759380734472273616e+05	 1.29933644126121565932e+05	
 1.89840876934656225785e+04	 4.98395600776023729850e+03	 7.37982815282947467495e+03	-9.67520736926676545409e+03	-9.25680030284187705547e+03	 1.42440119871926617634e+04	 8.36499224573148239870e+04	 2.50000307092983575785e+00	 2.75122344738950541654e+00	 2.45613543913754162062e+00	 2.34406759855760249422e+00	 3.09799739347396098310e+04	 3.42738941478487686254e+04	 3.17015644918032921851e+04	 3.27855630620605152217e+04	
 1.62061722453168185893e+04	 7.37982815282947467495e+03	 5.54190765151214692742e+06	-7.28444294915981590748e+05	-1.14171961539183580317e+06	-1.14183331100224953843e+05	-2.51014364804388303310e+06	-1.01494482624921829483e+02	-8.97015446400481124556e+01	-6.64017419269283521999e+01	-4.98013788982338496680e+01	-3.29998260725334985182e+05	-2.63407627181942807510e+05	-1.41637138259913976071e+05	 2.72044282279789185850e+04	
-6.49942192790898407111e+04	-9.67520736926676545409e+03	-7.28444294915981590748e+05	 2.63445873200394096784e+05	 1.78836211587668367429e+05	-1.94101979394605848938e+05	 1.23332996028185720206e+05	-8.73813438703942857444e+00	-6.02991796326706719356e+00	-3.46582197389711321733e+00	-2.27436269216538411442e+00	-1.19673632052864384605e+05	-1.13931840964285089285e+05	-1.00132286161458818242e+05	-1.13455493763231323101e+05	
-3.66651727681577831390e+04	-9.25680030284187705547e+03	-1.14171961539183580317e+06	 1.78836211587668367429e+05	 3.32840935728489595931e+05	 3.23816619539926523430e+03	 5.90134261978069902398e+05	 2.82109459763552656852e+01	 2.47696206409832697659e+01	 1.80928830040643120469e+01	 1.31326944204148645667e+01	 6.23277953817487650667e+04	 4.27713168387681944296e+04	 1.15072514990524014138e+04	-3.66005347642467095284e+04	
 9.60367576936776749790e+04	 1.42440119871926617634e+04	-1.14183331100224953843e+05	-1.94101979394605848938e+05	 3.23816619539926523430e+03	 3.13007120854819135275e+05	 4.42956819534366659354e+05	 3.04391696564895966048e+01	 2.66543111491004651725e+01	 2.00424480895708434502e+01	 1.64276432613443645891e+01	 2.43541589647492713993e+05	 2.31173313607749965740e+05	 1.91167063750826753676e+05	 1.79475994811809185194e+05	
 3.29091939885249012150e+05	 8.36499224573148239870e+04	-2.51014364804388303310e+06	 1.23332996028185720206e+05	 5.90134261978069902398e+05	 4.42956819534366659354e+05	 3.38991391738408105448e+06	 1.31153275849533827113e+02	 1.23269863590704815692e+02	 9.85083609841692151576e+01	 8.43019628941392227262e+01	 9.05312456511502387002e+05	 9.06636697560021188110e+05	 7.66181142555071040988e+05	 6.87032009990680264309e+05	
 1.30231333579250492249e+01	 2.50000307092983575785e+00	-1.01494482624921829483e+02	-8.73813438703942857444e+00	 2.82109459763552656852e+01	 3.04391696564895966048e+01	 1.31153275849533827113e+02	 2.48400305860723702445e-02	0.00000000000000000000e+00	0.00000000000000000000e+00	0.00000000000000000000e+00	 1.45846776790817898473e+02	0.00000000000000000000e+00	0.00000000000000000000e+00	0.00000000000000000000e+00	
 1.29663266165928838802e+01	 2.75122344738950541654e+00	-8.97015446400481124556e+01	-6.02991796326706719356e+00	 2.47696206409832697659e+01	 2.66543111491004651725e+01	 1.23269863590704815692e+02	0.00000000000000000000e+00	 2.16969100019055484430e-02	0.00000000000000000000e+00	 8.10187014048738274319e-19	0.00000000000000000000e+00	 1.35095823146237478340e+02	 1.90542026601292491250e-14	0.00000000000000000000e+00	
 1.07610332873175558177e+01	 2.45613543913754162062e+00	-6.64017419269283521999e+01	-3.46582197389711321733e+00	 1.80928830040643120469e+01	 2.00424480895708434502e+01	 9.85083609841692151576e+01	0.00000000000000000000e+00	0.00000000000000000000e+00	 1.61806558196092957480e-02	 7.63017866798514424187e-19	0.00000000000000000000e+00	0.00000000000000000000e+00	 1.07023010430127214931e+02	0.00000000000000000000e+00	
 9.62767357253563282882e+00	 2.34406759855760249422e+00	-4.98013788982338496680e+01	-2.27436269216538411442e+00	 1.31326944204148645667e+01	 1.64276432613443645891e+01	 8.43019628941392227262e+01	0.00000000000000000000e+00	 8.10187014048738274319e-19	 7.63017866798514424187e-19	 1.29927470779113082844e-02	0.00000000000000000000e+00	0.00000000000000000000e+00	0.00000000000000000000e+00	 9.19228909739109951715e+01	
 1.47648071550652908627e+05	 3.09799739347396098310e+04	-3.29998260725334985182e+05	-1.19673632052864384605e+05	 6.23277953817487650667e+04	 2.43541589647492713993e+05	 9.05312456511502387002e+05	 1.45846776790817898473e+02	0.00000000000000000000e+00	0.00000000000000000000e+00	0.00000000000000000000e+00	 1.27301713218576973304e+06	0.00000000000000000000e+00	-4.84448037241236306727e-11	0.00000000000000000000e+00	
 1.50736916305848455522e+05	 3.42738941478487686254e+04	-2.63407627181942807510e+05	-1.13931840964285089285e+05	 4.27713168387681944296e+04	 2.31173313607749965740e+05	 9.06636697560021188110e+05	0.00000000000000000000e+00	 1.35095823146237478340e+02	0.00000000000000000000e+00	0.00000000000000000000e+00	0.00000000000000000000e+00	 1.25788238216221309267e+06	 4.95319341098365839571e-11	0.00000000000000000000e+00	
 1.31759380734472273616e+05	 3.17015644918032921851e+04	-1.41637138259913976071e+05	-1.00132286161458818242e+05	 1.15072514990524014138e+04	 1.91167063750826753676e+05	 7.66181142555071040988e+05	0.00000000000000000000e+00	 1.90542026601292491250e-14	 1.07023010430127214931e+02	0.00000000000000000000e+00	-4.84448037241236306727e-11	 4.95319341098365839571e-11	 1.07439721798158925958e+06	 5.10027575728599913418e-11	
 1.29933644126121565932e+05	 3.27855630620605152217e+04	 2.72044282279789185850e+04	-1.13455493763231323101e+05	-3.66005347642467095284e+04	 1.79475994811809185194e+05	 6.87032009990680264309e+05	0.00000000000000000000e+00	0.00000000000000000000e+00	0.00000000000000000000e+00	 9.19228909739109951715e+01	0.00000000000000000000e+00	0.00000000000000000000e+00	 5.10027575728599913418e-11	 1.02577927232821099460e+06	
