#           w0_fld,           wa_fld,          Omega_b,                h,              n_s,           sigma8,     Omega_m_camb,          P_shot0,          P_shot1,          P_shot2,          P_shot3,      lnbsigma8_0,      lnbsigma8_1,      lnbsigma8_2,      lnbsigma8_3
 7.68417033279727911577e+04	 1.82285325876093520492e+04	 1.72333124512474132644e+04	-8.87853345184354810044e+05	-3.60993190787023340818e+04	 9.40528102693569817347e+04	 3.18692732687890296802e+05	 1.25453480058226851668e+01	 1.25040102238817780744e+01	 1.03842470144259522158e+01	 9.29521279783003606667e+00	 1.44764143719059735304e+05	 1.47812144151068932842e+05	 1.29218412333506217692e+05	 1.27434875487355689984e+05	
 1.82285325876093520492e+04	 4.77187913084987030743e+03	 7.59330605330953585508e+03	-1.74971186924361216370e+05	-9.11908507422898401273e+03	 1.38583178682895886595e+04	 8.05609867479445383651e+04	 2.39805015454490222382e+00	 2.64303174839897359050e+00	 2.36175156735989855150e+00	 2.25542570947319287455e+00	 3.02924463522438163636e+04	 3.35128759085706915357e+04	 3.09986373840227824985e+04	 3.20575431687713353313e+04	
 1.72333124512474132644e+04	 7.59330605330953585508e+03	 5.39161808518302161247e+06	 1.71588830226178700104e+06	-1.12890207233268674463e+06	-1.13219406455691219890e+05	-2.44412933512230683118e+06	-9.87528453716076910496e+01	-8.72424765973307216882e+01	-6.45526980029019057383e+01	-4.83856549817500436461e+01	-3.26292699356037890539e+05	-2.60321540471745363902e+05	-1.39876399499849736458e+05	 2.69582449230812380847e+04	
-8.87853345184354810044e+05	-1.74971186924361216370e+05	 1.71588830226178700104e+06	 1.82557971386774443090e+07	-4.47456383027658797801e+05	-2.07564622615107148886e+06	-5.75341691648865118623e+06	-3.15692148509010223734e+02	-2.81772114082935559054e+02	-2.14616911138637760814e+02	-1.75544461928353541680e+02	-2.41740128304127464071e+06	-2.32300315643374808133e+06	-1.92512024127315077931e+06	-1.76762140263398271054e+06	
-3.60993190787023340818e+04	-9.11908507422898401273e+03	-1.12890207233268674463e+06	-4.47456383027658797801e+05	 3.32789406454362091608e+05	 3.53482612654792137619e+03	 5.81562543605658924207e+05	 2.77725836863733803739e+01	 2.43857552465577924750e+01	 1.78129042717822940745e+01	 1.29299533249387668121e+01	 6.24849896818588458700e+04	 4.29390491998281140695e+04	 1.16728285304113960592e+04	-3.63696008071099204244e+04	
 9.40528102693569817347e+04	 1.38583178682895886595e+04	-1.13219406455691219890e+05	-2.07564622615107148886e+06	 3.53482612654792137619e+03	 3.11068834659836196806e+05	 4.37387945104129612446e+05	 2.98306877137884072226e+01	 2.61152767527722744489e+01	 1.96337393002577229595e+01	 1.60905900849460721247e+01	 2.42547257576116244309e+05	 2.30162385525564488489e+05	 1.90275985295078542549e+05	 1.78573333527750277426e+05	
 3.18692732687890296802e+05	 8.05609867479445383651e+04	-2.44412933512230683118e+06	-5.75341691648865118623e+06	 5.81562543605658924207e+05	 4.37387945104129612446e+05	 3.29564869866130128503e+06	 1.27433748453364898978e+02	 1.19757237063957404644e+02	 9.56829466670386921123e+01	 8.18576139496722419153e+01	 8.94495252552296966314e+05	 8.95285123096002498642e+05	 7.56187964396460913122e+05	 6.77678728863290045410e+05	
 1.25453480058226851668e+01	 2.39805015454490222382e+00	-9.87528453716076910496e+01	-3.15692148509010223734e+02	 2.77725836863733803739e+01	 2.98306877137884072226e+01	 1.27433748453364898978e+02	 2.40267351113050559031e-02	0.00000000000000000000e+00	0.00000000000000000000e+00	-8.44068331938910287882e-19	 1.43392651240994155160e+02	0.00000000000000000000e+00	0.00000000000000000000e+00	0.00000000000000000000e+00	
 1.25040102238817780744e+01	 2.64303174839897359050e+00	-8.72424765973307216882e+01	-2.81772114082935559054e+02	 2.43857552465577924750e+01	 2.61152767527722744489e+01	 1.19757237063957404644e+02	0.00000000000000000000e+00	 2.09897938177724258102e-02	0.00000000000000000000e+00	0.00000000000000000000e+00	0.00000000000000000000e+00	 1.32836241184939865434e+02	0.00000000000000000000e+00	0.00000000000000000000e+00	
 1.03842470144259522158e+01	 2.36175156735989855150e+00	-6.45526980029019057383e+01	-2.14616911138637760814e+02	 1.78129042717822940745e+01	 1.96337393002577229595e+01	 9.56829466670386921123e+01	0.00000000000000000000e+00	0.00000000000000000000e+00	 1.56555568952579382547e-02	 3.91964496341927481904e-19	0.00000000000000000000e+00	0.00000000000000000000e+00	 1.05235394386696327729e+02	0.00000000000000000000e+00	
 9.29521279783003606667e+00	 2.25542570947319287455e+00	-4.83856549817500436461e+01	-1.75544461928353541680e+02	 1.29299533249387668121e+01	 1.60905900849460721247e+01	 8.18576139496722419153e+01	-8.44068331938910287882e-19	0.00000000000000000000e+00	 3.91964496341927481904e-19	 1.25725768524917597135e-02	0.00000000000000000000e+00	0.00000000000000000000e+00	0.00000000000000000000e+00	 9.03782078905226455845e+01	
 1.44764143719059735304e+05	 3.02924463522438163636e+04	-3.26292699356037890539e+05	-2.41740128304127464071e+06	 6.24849896818588458700e+04	 2.42547257576116244309e+05	 8.94495252552296966314e+05	 1.43392651240994155160e+02	0.00000000000000000000e+00	0.00000000000000000000e+00	0.00000000000000000000e+00	 1.27183075187934562564e+06	 6.79705181028111837804e-11	-6.86526391291408799589e-11	0.00000000000000000000e+00	
 1.47812144151068932842e+05	 3.35128759085706915357e+04	-2.60321540471745363902e+05	-2.32300315643374808133e+06	 4.29390491998281140695e+04	 2.30162385525564488489e+05	 8.95285123096002498642e+05	0.00000000000000000000e+00	 1.32836241184939865434e+02	0.00000000000000000000e+00	0.00000000000000000000e+00	 6.79705181028111837804e-11	 1.25654846813787776046e+06	0.00000000000000000000e+00	0.00000000000000000000e+00	
 1.29218412333506217692e+05	 3.09986373840227824985e+04	-1.39876399499849736458e+05	-1.92512024127315077931e+06	 1.16728285304113960592e+04	 1.90275985295078542549e+05	 7.56187964396460913122e+05	0.00000000000000000000e+00	0.00000000000000000000e+00	 1.05235394386696327729e+02	0.00000000000000000000e+00	-6.86526391291408799589e-11	0.00000000000000000000e+00	 1.07305269222938199528e+06	0.00000000000000000000e+00	
 1.27434875487355689984e+05	 3.20575431687713353313e+04	 2.69582449230812380847e+04	-1.76762140263398271054e+06	-3.63696008071099204244e+04	 1.78573333527750277426e+05	 6.77678728863290045410e+05	0.00000000000000000000e+00	0.00000000000000000000e+00	0.00000000000000000000e+00	 9.03782078905226455845e+01	0.00000000000000000000e+00	0.00000000000000000000e+00	0.00000000000000000000e+00	 1.02410855223980674054e+06	
