#           wa_fld,           w0_fld,          Omega_b,                h,              n_s,           sigma8,     Omega_m_camb,           bias_1,           bias_2,           bias_3,           bias_4,           bias_5,           bias_6,           bias_7,           bias_8,           bias_9,          bias_10,              aIA,            etaIA
 1.28991445229732620646e+05	 6.03747019829493016005e+05	-1.43866385418876586482e+06	 3.46734813576967979316e+05	 5.28403760623368434608e+05	 2.90492451423508720472e+06	 6.34684057433114969172e+05	 1.90631990269909263588e+05	 1.71347930423256533686e+05	 1.46674636160178110003e+05	 1.44070174308637215290e+05	 1.34502756557508459082e+05	 1.33131228054131090175e+05	 1.12888427389182179468e+05	 1.22084251485949964263e+05	 1.07261551498155517038e+05	 6.98097004685329739004e+04	 3.67307119911105246501e+02	 5.49829741684698205972e+02	
 6.03747019829493016005e+05	 2.90319642736427672207e+06	-6.71442411539846379310e+06	 1.61501141332699358463e+06	 2.49245849249777849764e+06	 1.39378789239053502679e+07	 2.48075709574666665867e+06	 1.18527120334347523749e+06	 9.77581444944506045431e+05	 7.78691440069432137534e+05	 7.22167651222532498650e+05	 6.39753623361195321195e+05	 6.03375152896716725081e+05	 4.89648581095006084070e+05	 5.07136799566299421713e+05	 4.24825288370270980522e+05	 2.61673910724636400118e+05	 1.06156140405131191073e+03	 1.45962622087046065644e+03	
-1.43866385418876586482e+06	-6.71442411539846379310e+06	 2.22346729837101772428e+07	-5.39114300432228669524e+06	-8.08573383787657972425e+06	-3.78982974372445419431e+07	-1.44642468823694027960e+07	-2.53073666740336176008e+06	-1.93788587549146963283e+06	-1.59278241927003161982e+06	-1.56005572143513243645e+06	-1.47923451350326929241e+06	-1.49222358624591445550e+06	-1.28850016181994788349e+06	-1.40986372191062103957e+06	-1.22595452695667557418e+06	-7.22398141322010429576e+05	 1.78635841169546267793e+02	-5.35215915857149184376e+02	
 3.46734813576967979316e+05	 1.61501141332699358463e+06	-5.39114300432228669524e+06	 1.32103480946672195569e+06	 2.00045402554144524038e+06	 9.22758479760610498488e+06	 3.62999928965880069882e+06	 6.18162429621427319944e+05	 4.60987328585497569293e+05	 3.77820936055678350385e+05	 3.71034144116400333587e+05	 3.53588467994447622914e+05	 3.58488739500723837409e+05	 3.10896208595403586514e+05	 3.41092543298205418978e+05	 2.96217958306759595871e+05	 1.72115845445484097581e+05	-4.76541581409472030373e+01	 1.55800042350311883865e+02	
 5.28403760623368434608e+05	 2.49245849249777849764e+06	-8.08573383787657972425e+06	 2.00045402554144524038e+06	 3.11309464877776196226e+06	 1.43493894124958366156e+07	 5.42097172092777676880e+06	 1.15659614539160439745e+06	 8.00297824319622362964e+05	 6.19059561243250500411e+05	 5.80294536129949614406e+05	 5.31673751806143438444e+05	 5.21380055250139324926e+05	 4.39953737872190249618e+05	 4.70953503417662228458e+05	 3.98300862980314414017e+05	 2.24664219477304606698e+05	-3.03243353002559274501e+02	-8.45727910399831444010e+01	
 2.90492451423508720472e+06	 1.39378789239053502679e+07	-3.78982974372445419431e+07	 9.22758479760610498488e+06	 1.43493894124958366156e+07	 7.90957881490629613400e+07	 2.49668669014358781278e+07	 5.93464774619735963643e+06	 5.05671383557563088834e+06	 4.00120802566066663712e+06	 3.66312156865663174540e+06	 3.20613681951685016975e+06	 2.98217800214396230876e+06	 2.38942101486874464899e+06	 2.44418858346939971671e+06	 2.01906256008175085299e+06	 1.22040171527063357644e+06	 4.07034894753856235639e+02	 1.85752451979123566161e+03	
 6.34684057433114969172e+05	 2.48075709574666665867e+06	-1.44642468823694027960e+07	 3.62999928965880069882e+06	 5.42097172092777676880e+06	 2.49668669014358781278e+07	 2.08085378095842190087e+07	-9.54024044639640953392e+05	 2.73845616097478661686e+05	 5.71948848558829398826e+05	 7.38095341794304316863e+05	 8.19691377064821892418e+05	 9.05160035656229825690e+05	 8.28831790626522619277e+05	 9.47950660242064855993e+05	 8.59573262868261896074e+05	 5.37635501422439003363e+05	 1.72491871450590624590e+04	 3.01905364634116704110e+04	
 1.90631990269909263588e+05	 1.18527120334347523749e+06	-2.53073666740336176008e+06	 6.18162429621427319944e+05	 1.15659614539160439745e+06	 5.93464774619735963643e+06	-9.54024044639640953392e+05	 3.60201597965117869899e+06	 3.65203581008857931010e+05	 7.70586674243428569753e+03	 2.94190457344364722303e+03	 5.26035407858474854947e+02	 1.53890995633396357789e+02	 6.56859522480577879833e+01	 3.13290939554060869909e+01	 2.81022243854378217520e+00	 4.72178094505295575800e+00	 8.32965669008272016072e+01	 4.78970422339381798338e+01	
 1.71347930423256533686e+05	 9.77581444944506045431e+05	-1.93788587549146963283e+06	 4.60987328585497569293e+05	 8.00297824319622362964e+05	 5.05671383557563088834e+06	 2.73845616097478661686e+05	 3.65203581008857931010e+05	 1.89936609501317748800e+06	 3.57338016580917872488e+05	 9.53539591216844746668e+03	 2.34768788063719148340e+03	 3.68194573882585416413e+02	 3.26224330138249527522e+01	 1.23711519223179351457e+01	 1.62158949294649090689e+00	 1.80238160961560112128e+00	-2.85302224757937352706e+01	-2.91845209052835912189e+01	
 1.46674636160178110003e+05	 7.78691440069432137534e+05	-1.59278241927003161982e+06	 3.77820936055678350385e+05	 6.19059561243250500411e+05	 4.00120802566066663712e+06	 5.71948848558829398826e+05	 7.70586674243428569753e+03	 3.57338016580917872488e+05	 1.15484315519651118666e+06	 3.41984780938123818487e+05	 8.96674765672353350965e+03	 2.03844087977510207566e+03	 2.75667308717337846247e+02	 3.00172540003271848263e+01	 6.10941489320788022610e+00	 7.61488210588911584864e-01	 2.18631226769587989622e+01	 2.12560609436702065977e+01	
 1.44070174308637215290e+05	 7.22167651222532498650e+05	-1.56005572143513243645e+06	 3.71034144116400333587e+05	 5.80294536129949614406e+05	 3.66312156865663174540e+06	 7.38095341794304316863e+05	 2.94190457344364722303e+03	 9.53539591216844746668e+03	 3.41984780938123818487e+05	 9.44437767876956728287e+05	 3.02198295749443001114e+05	 1.08277459473850503855e+04	 1.79152657168980749702e+03	 2.37406895470985659813e+02	 1.76754859860823181350e+01	 4.96554226587476321697e+00	 6.52061669071545146892e+00	 5.71327829497511174850e+00	
 1.34502756557508459082e+05	 6.39753623361195321195e+05	-1.47923451350326929241e+06	 3.53588467994447622914e+05	 5.31673751806143438444e+05	 3.20613681951685016975e+06	 8.19691377064821892418e+05	 5.26035407858474854947e+02	 2.34768788063719148340e+03	 8.96674765672353350965e+03	 3.02198295749443001114e+05	 7.60062846783663961105e+05	 2.67873566339515440632e+05	 8.54708569900318798318e+03	 1.64672605318312139389e+03	 1.30683092837046530121e+02	 1.08587288294888502094e+01	-6.29777642063184117660e+00	-1.47551759518643166302e+00	
 1.33131228054131090175e+05	 6.03375152896716725081e+05	-1.49222358624591445550e+06	 3.58488739500723837409e+05	 5.21380055250139324926e+05	 2.98217800214396230876e+06	 9.05160035656229825690e+05	 1.53890995633396357789e+02	 3.68194573882585416413e+02	 2.03844087977510207566e+03	 1.08277459473850503855e+04	 2.67873566339515440632e+05	 6.97725445130293839611e+05	 2.30661680079339246731e+05	 1.18298812778244900983e+04	 1.01367406276465555948e+03	 7.32728957950333352755e+01	 3.76216920778977552686e+01	 3.98006430662486536676e+01	
 1.12888427389182179468e+05	 4.89648581095006084070e+05	-1.28850016181994788349e+06	 3.10896208595403586514e+05	 4.39953737872190249618e+05	 2.38942101486874464899e+06	 8.28831790626522619277e+05	 6.56859522480577879833e+01	 3.26224330138249527522e+01	 2.75667308717337846247e+02	 1.79152657168980749702e+03	 8.54708569900318798318e+03	 2.30661680079339246731e+05	 5.17605871299278398510e+05	 1.96093345556166197639e+05	 4.90333444802117082872e+03	 3.72522829389544767764e+02	 3.93984461667598111489e+01	 4.67982957662325702586e+01	
 1.22084251485949964263e+05	 5.07136799566299421713e+05	-1.40986372191062103957e+06	 3.41092543298205418978e+05	 4.70953503417662228458e+05	 2.44418858346939971671e+06	 9.47950660242064855993e+05	 3.13290939554060869909e+01	 1.23711519223179351457e+01	 3.00172540003271848263e+01	 2.37406895470985659813e+02	 1.64672605318312139389e+03	 1.18298812778244900983e+04	 1.96093345556166197639e+05	 6.07945551357748336159e+05	 1.49412517505149269709e+05	 2.73994017639930461883e+03	 5.56737048363347497570e+01	 8.33885905164592600158e+01	
 1.07261551498155517038e+05	 4.24825288370270980522e+05	-1.22595452695667557418e+06	 2.96217958306759595871e+05	 3.98300862980314414017e+05	 2.01906256008175085299e+06	 8.59573262868261896074e+05	 2.81022243854378217520e+00	 1.62158949294649090689e+00	 6.10941489320788022610e+00	 1.76754859860823181350e+01	 1.30683092837046530121e+02	 1.01367406276465555948e+03	 4.90333444802117082872e+03	 1.49412517505149269709e+05	 5.65729740057321381755e+05	 7.44193935538201621966e+04	-4.61043427580498175189e+01	-9.17890640055250344176e+01	
 6.98097004685329739004e+04	 2.61673910724636400118e+05	-7.22398141322010429576e+05	 1.72115845445484097581e+05	 2.24664219477304606698e+05	 1.22040171527063357644e+06	 5.37635501422439003363e+05	 4.72178094505295575800e+00	 1.80238160961560112128e+00	 7.61488210588911584864e-01	 4.96554226587476321697e+00	 1.08587288294888502094e+01	 7.32728957950333352755e+01	 3.72522829389544767764e+02	 2.73994017639930461883e+03	 7.44193935538201621966e+04	 3.94154113753496494610e+05	-2.56159280657128249459e+02	-4.48086083857902224281e+02	
 3.67307119911105246501e+02	 1.06156140405131191073e+03	 1.78635841169546267793e+02	-4.76541581409472030373e+01	-3.03243353002559274501e+02	 4.07034894753856235639e+02	 1.72491871450590624590e+04	 8.32965669008272016072e+01	-2.85302224757937352706e+01	 2.18631226769587989622e+01	 6.52061669071545146892e+00	-6.29777642063184117660e+00	 3.76216920778977552686e+01	 3.93984461667598111489e+01	 5.56737048363347497570e+01	-4.61043427580498175189e+01	-2.56159280657128249459e+02	 3.47076512337375788775e+03	 5.55370861885891008569e+03	
 5.49829741684698205972e+02	 1.45962622087046065644e+03	-5.35215915857149184376e+02	 1.55800042350311883865e+02	-8.45727910399831444010e+01	 1.85752451979123566161e+03	 3.01905364634116704110e+04	 4.78970422339381798338e+01	-2.91845209052835912189e+01	 2.12560609436702065977e+01	 5.71327829497511174850e+00	-1.47551759518643166302e+00	 3.98006430662486536676e+01	 4.67982957662325702586e+01	 8.33885905164592600158e+01	-9.17890640055250344176e+01	-4.48086083857902224281e+02	 5.55370861885891008569e+03	 9.07423927414427816984e+03	
