#          Omega_b,                h,              n_s,           sigma8,       N_eff_camb,        m_nu_camb,     Omega_m_camb,          P_shot0,          P_shot1,          P_shot2,          P_shot3,      lnbsigma8_0,      lnbsigma8_1,      lnbsigma8_2,      lnbsigma8_3
 4.76465553374518640339e+06	-7.22240385255823028274e+05	-8.96335397058109752834e+05	 2.52852740630388070713e+04	 3.87529241482601064490e+04	 7.57335081580119149294e+04	-1.66689735881526581943e+06	-4.01786240615255749731e+01	-3.66431951356256035979e+01	-2.79603777302460265730e+01	-2.12893305325321833266e+01	-7.56328486660539201694e+04	-3.49705486538682744140e+04	 2.87085857820628116315e+04	 1.54662941147420147900e+05	
-7.22240385255823028274e+05	 2.32442694153694872512e+05	 1.75393804988324118312e+05	-1.72430674621487123659e+05	-6.23332601786591840209e+03	-1.93835780463572373264e+04	 6.36460461292082254658e+04	-6.52885520210901315608e+00	-5.24495193342120913371e+00	-3.73064579772061355456e+00	-3.20733661169379002942e+00	-1.24351254729749780381e+05	-1.21669656989989205613e+05	-1.08611111406899464782e+05	-1.22228447742068601656e+05	
-8.96335397058109752834e+05	 1.75393804988324118312e+05	 2.53262949913677293807e+05	-4.00401037287978251697e+04	-7.70365609596601279918e+03	-2.17807008714420735487e+04	 3.14953326428627071436e+05	 8.71183968300714184352e+00	 7.65730874522271154348e+00	 5.51923637554248003312e+00	 3.64761490923629461136e+00	-1.85240006522557559947e+04	-3.08942059316509912605e+04	-4.41967268001844640821e+04	-7.89630373532509402139e+04	
 2.52852740630388070713e+04	-1.72430674621487123659e+05	-4.00401037287978251697e+04	 2.70831396061940351501e+05	 3.53782215390807095901e+02	 1.06306702257490505872e+04	 3.29493616356273181736e+05	 1.80704975364392375070e+01	 1.63574625288168746806e+01	 1.28570124575994171323e+01	 1.12845186409259348181e+01	 2.01798970779160386883e+05	 1.94648521330478833988e+05	 1.64571919290151359746e+05	 1.59926181988953205291e+05	
 3.87529241482601064490e+04	-6.23332601786591840209e+03	-7.70365609596601279918e+03	 3.53782215390807095901e+02	 3.47580289459292544052e+02	 6.21563479328019298009e+02	-1.29521704595986866480e+04	-3.23399041624707506148e-01	-2.92903998630248407764e-01	-2.21588623673242557377e-01	-1.65767395294006997242e-01	-4.53105292417925795689e+02	-9.87389355361279115186e+01	 4.21858310040885896797e+02	 1.49041720181991968275e+03	
 7.57335081580119149294e+04	-1.93835780463572373264e+04	-2.17807008714420735487e+04	 1.06306702257490505872e+04	 6.21563479328019298009e+02	 2.22703390907664970655e+03	-2.31174032070274588477e+04	-2.96465670290542493426e-01	-2.08804882864582541657e-01	-9.85708411555203389831e-02	 2.88081985409308731494e-02	 4.98872616000668131164e+03	 6.25461358176355861360e+03	 7.02215288760425391956e+03	 1.00475804793741554022e+04	
-1.66689735881526581943e+06	 6.36460461292082254658e+04	 3.14953326428627071436e+05	 3.29493616356273181736e+05	-1.29521704595986866480e+04	-2.31174032070274588477e+04	 2.35523077234605140984e+06	 6.84287417164045876916e+01	 6.67505902324394071456e+01	 5.57859755488254833722e+01	 5.09552200009391142999e+01	 6.24421774269339861348e+05	 6.43552123597947414964e+05	 5.62147151563436258584e+05	 5.27534427355697378516e+05	
-4.01786240615255749731e+01	-6.52885520210901315608e+00	 8.71183968300714184352e+00	 1.80704975364392375070e+01	-3.23399041624707506148e-01	-2.96465670290542493426e-01	 6.84287417164045876916e+01	 9.71101403771855616054e-03	0.00000000000000000000e+00	0.00000000000000000000e+00	 3.44054195262856118975e-19	 8.57565615032811194851e+01	0.00000000000000000000e+00	0.00000000000000000000e+00	-4.54237342184526937672e-15	
-3.66431951356256035979e+01	-5.24495193342120913371e+00	 7.65730874522271154348e+00	 1.63574625288168746806e+01	-2.92903998630248407764e-01	-2.08804882864582541657e-01	 6.67505902324394071456e+01	0.00000000000000000000e+00	 8.84962644117671080879e-03	0.00000000000000000000e+00	0.00000000000000000000e+00	-9.93692975126414523857e-15	 8.18509586620729123752e+01	0.00000000000000000000e+00	-8.75167993630299179131e-15	
-2.79603777302460265730e+01	-3.73064579772061355456e+00	 5.51923637554248003312e+00	 1.28570124575994171323e+01	-2.21588623673242557377e-01	-9.85708411555203389831e-02	 5.57859755488254833722e+01	0.00000000000000000000e+00	0.00000000000000000000e+00	 6.97213588537381415838e-03	0.00000000000000000000e+00	-9.42041583629205092620e-15	0.00000000000000000000e+00	 6.75351253347390922954e+01	-8.29631502385907992903e-15	
-2.12893305325321833266e+01	-3.20733661169379002942e+00	 3.64761490923629461136e+00	 1.12845186409259348181e+01	-1.65767395294006997242e-01	 2.88081985409308731494e-02	 5.09552200009391142999e+01	 3.44054195262856118975e-19	0.00000000000000000000e+00	0.00000000000000000000e+00	 6.08150619501917136245e-03	-4.55972065660503744766e-15	0.00000000000000000000e+00	0.00000000000000000000e+00	 6.18459323621103607138e+01	
-7.56328486660539201694e+04	-1.24351254729749780381e+05	-1.85240006522557559947e+04	 2.01798970779160386883e+05	-4.53105292417925795689e+02	 4.98872616000668131164e+03	 6.24421774269339861348e+05	 8.57565615032811194851e+01	-9.93692975126414523857e-15	-9.42041583629205092620e-15	-4.55972065660503744766e-15	 1.01248494709556933958e+06	0.00000000000000000000e+00	0.00000000000000000000e+00	0.00000000000000000000e+00	
-3.49705486538682744140e+04	-1.21669656989989205613e+05	-3.08942059316509912605e+04	 1.94648521330478833988e+05	-9.87389355361279115186e+01	 6.25461358176355861360e+03	 6.43552123597947414964e+05	0.00000000000000000000e+00	 8.18509586620729123752e+01	0.00000000000000000000e+00	0.00000000000000000000e+00	0.00000000000000000000e+00	 1.01905255243072647136e+06	0.00000000000000000000e+00	0.00000000000000000000e+00	
 2.87085857820628116315e+04	-1.08611111406899464782e+05	-4.41967268001844640821e+04	 1.64571919290151359746e+05	 4.21858310040885896797e+02	 7.02215288760425391956e+03	 5.62147151563436258584e+05	0.00000000000000000000e+00	0.00000000000000000000e+00	 6.75351253347390922954e+01	0.00000000000000000000e+00	0.00000000000000000000e+00	0.00000000000000000000e+00	 8.92732208405171637423e+05	0.00000000000000000000e+00	
 1.54662941147420147900e+05	-1.22228447742068601656e+05	-7.89630373532509402139e+04	 1.59926181988953205291e+05	 1.49041720181991968275e+03	 1.00475804793741554022e+04	 5.27534427355697378516e+05	-4.54237342184526937672e-15	-8.75167993630299179131e-15	-8.29631502385907992903e-15	 6.18459323621103607138e+01	0.00000000000000000000e+00	0.00000000000000000000e+00	0.00000000000000000000e+00	 8.86800970590758603066e+05	
