#          Omega_b,                h,              n_s,           sigma8,       N_eff_camb,        m_nu_camb,     Omega_m_camb,          P_shot0,          P_shot1,          P_shot2,          P_shot3,      lnbsigma8_0,      lnbsigma8_1,      lnbsigma8_2,      lnbsigma8_3
 5.46999741032638866454e+06	 1.64185734726294036955e+06	-1.12666895979853766039e+06	-1.06942441048022679752e+05	 4.62448673538609873503e+04	 1.21614698078655987047e+05	-2.46614294310362916440e+06	-9.94925392709842810746e+01	-8.77867882057806241392e+01	-6.48284118361874988068e+01	-4.84160731081962723010e+01	-3.19880917429403751157e+05	-2.53447686237628309755e+05	-1.33624264838897972368e+05	 3.27362588497585747973e+04	
 1.64185734726294036955e+06	 1.76715087574215978384e+07	-4.21919140034158714116e+05	-2.02395101403747685254e+06	 1.38029825739748557680e+04	 1.45817853570012433920e+05	-5.68194646034581586719e+06	-3.13013768356270134063e+02	-2.79137364633784443413e+02	-2.12291833764879726232e+02	-1.73169970369624593332e+02	-2.36387231084837298840e+06	-2.26919540137589210644e+06	-1.87773099887698167004e+06	-1.71970063507808558643e+06	
-1.12666895979853766039e+06	-4.21919140034158714116e+05	 3.28094208525475987699e+05	 1.58723297579038580807e+03	-1.00702044986120854446e+04	-3.23768969361721028690e+04	 5.78298774635901208967e+05	 2.76075219295196987446e+01	 2.41957424844190072122e+01	 1.76274645988080038705e+01	 1.27361727838566451965e+01	 5.96292855528700310970e+04	 4.01959943007214606041e+04	 9.56425324542121234117e+03	-3.76354250284338777419e+04	
-1.06942441048022679752e+05	-2.02395101403747685254e+06	 1.58723297579038580807e+03	 3.05931851813442015555e+05	-9.41135209584346284828e+02	-1.27266768342555988056e+04	 4.35149440908532938920e+05	 2.98001899936992593609e+01	 2.60662156479590692015e+01	 1.95685973004109925455e+01	 1.59938396005830352209e+01	 2.39177333896384225227e+05	 2.26742860950382426381e+05	 1.87191013493778475095e+05	 1.75242688983720727265e+05	
 4.62448673538609873503e+04	 1.38029825739748557680e+04	-1.00702044986120854446e+04	-9.41135209584346284828e+02	 4.23951907896015825372e+02	 1.05164150588041502488e+03	-2.09754595690647038282e+04	-8.87942654346504101071e-01	-7.80598406937458300092e-01	-5.74237677763229426020e-01	-4.26535508473605662338e-01	-2.81743146837468793819e+03	-2.21309983800852842251e+03	-1.14478023610970126356e+03	 3.34096152326733772497e+02	
 1.21614698078655987047e+05	 1.45817853570012433920e+05	-3.23768969361721028690e+04	-1.27266768342555988056e+04	 1.05164150588041502488e+03	 4.24356807588527590269e+03	-9.39400866439272358548e+04	-4.02165574640150413899e+00	-3.56179683338332520037e+00	-2.66876082204171494183e+00	-2.08353504157216296022e+00	-2.00738757993582366908e+04	-1.80718726769111308386e+04	-1.31956981316008950671e+04	-8.37682477957199807861e+03	
-2.46614294310362916440e+06	-5.68194646034581586719e+06	 5.78298774635901208967e+05	 4.35149440908532938920e+05	-2.09754595690647038282e+04	-9.39400866439272358548e+04	 3.32945408126805443317e+06	 1.29044184956453193536e+02	 1.21110142645757179025e+02	 9.65781093133242904969e+01	 8.23624270363312263044e+01	 8.90962257688716868870e+05	 8.90682117900632205419e+05	 7.50909328907765680924e+05	 6.70671798498456599191e+05	
-9.94925392709842810746e+01	-3.13013768356270134063e+02	 2.76075219295196987446e+01	 2.98001899936992593609e+01	-8.87942654346504101071e-01	-4.02165574640150413899e+00	 1.29044184956453193536e+02	 2.43919146314613109749e-02	 7.83717234447041388723e-19	-7.23472016073579277107e-19	0.00000000000000000000e+00	 1.43278881621420026704e+02	0.00000000000000000000e+00	0.00000000000000000000e+00	0.00000000000000000000e+00	
-8.77867882057806241392e+01	-2.79137364633784443413e+02	 2.41957424844190072122e+01	 2.60662156479590692015e+01	-7.80598406937458300092e-01	-3.56179683338332520037e+00	 1.21110142645757179025e+02	 7.83717234447041388723e-19	 2.12818947176484224437e-02	0.00000000000000000000e+00	-6.41733336663539294387e-19	0.00000000000000000000e+00	 1.32528498837645940966e+02	0.00000000000000000000e+00	0.00000000000000000000e+00	
-6.48284118361874988068e+01	-2.12291833764879726232e+02	 1.76274645988080038705e+01	 1.95685973004109925455e+01	-5.74237677763229426020e-01	-2.66876082204171494183e+00	 9.65781093133242904969e+01	-7.23472016073579277107e-19	0.00000000000000000000e+00	 1.58433093301061679592e-02	 5.92393667485976299636e-19	0.00000000000000000000e+00	0.00000000000000000000e+00	 1.04781404765763880960e+02	0.00000000000000000000e+00	
-4.84160731081962723010e+01	-1.73169970369624593332e+02	 1.27361727838566451965e+01	 1.59938396005830352209e+01	-4.26535508473605662338e-01	-2.08353504157216296022e+00	 8.23624270363312263044e+01	0.00000000000000000000e+00	-6.41733336663539294387e-19	 5.92393667485976299636e-19	 1.26837985053172373068e-02	0.00000000000000000000e+00	0.00000000000000000000e+00	0.00000000000000000000e+00	 8.97067003560033526810e+01	
-3.19880917429403751157e+05	-2.36387231084837298840e+06	 5.96292855528700310970e+04	 2.39177333896384225227e+05	-2.81743146837468793819e+03	-2.00738757993582366908e+04	 8.90962257688716868870e+05	 1.43278881621420026704e+02	0.00000000000000000000e+00	0.00000000000000000000e+00	0.00000000000000000000e+00	 1.25330566229007788934e+06	0.00000000000000000000e+00	0.00000000000000000000e+00	0.00000000000000000000e+00	
-2.53447686237628309755e+05	-2.26919540137589210644e+06	 4.01959943007214606041e+04	 2.26742860950382426381e+05	-2.21309983800852842251e+03	-1.80718726769111308386e+04	 8.90682117900632205419e+05	0.00000000000000000000e+00	 1.32528498837645940966e+02	0.00000000000000000000e+00	0.00000000000000000000e+00	0.00000000000000000000e+00	 1.23644098519005696289e+06	 4.24122958975203800946e-11	0.00000000000000000000e+00	
-1.33624264838897972368e+05	-1.87773099887698167004e+06	 9.56425324542121234117e+03	 1.87191013493778475095e+05	-1.14478023610970126356e+03	-1.31956981316008950671e+04	 7.50909328907765680924e+05	0.00000000000000000000e+00	0.00000000000000000000e+00	 1.04781404765763880960e+02	0.00000000000000000000e+00	0.00000000000000000000e+00	 4.24122958975203800946e-11	 1.05396676700232992880e+06	0.00000000000000000000e+00	
 3.27362588497585747973e+04	-1.71970063507808558643e+06	-3.76354250284338777419e+04	 1.75242688983720727265e+05	 3.34096152326733772497e+02	-8.37682477957199807861e+03	 6.70671798498456599191e+05	0.00000000000000000000e+00	0.00000000000000000000e+00	0.00000000000000000000e+00	 8.97067003560033526810e+01	0.00000000000000000000e+00	0.00000000000000000000e+00	0.00000000000000000000e+00	 1.00306094931006897241e+06	
