#          Omega_b,                h,              n_s,           sigma8,       N_eff_camb,        m_nu_camb,     Omega_m_camb,          P_shot0,          P_shot1,          P_shot2,          P_shot3,      lnbsigma8_0,      lnbsigma8_1,      lnbsigma8_2,      lnbsigma8_3
 5.46950904719384480268e+06	 1.64238491298268968239e+06	-1.12650961212439369410e+06	-1.06994568084611091763e+05	 4.62317122152063384419e+04	 1.17184819874989305390e+05	-2.46574570667777583003e+06	-9.94734087656996734950e+01	-8.77691198067795426141e+01	-6.48145101247623642848e+01	-4.84058500085975396132e+01	-3.19780539903010474518e+05	-2.53353905760071065743e+05	-1.33556311207101331092e+05	 3.27752123456806439208e+04	
 1.64238491298268968239e+06	 1.76680432666297405958e+07	-4.22149610793812607881e+05	-2.02321831592480698600e+06	 1.38191215558161638910e+04	 1.53535735702864360064e+05	-5.68172196309973206371e+06	-3.13002525777443793231e+02	-2.79123943075347540344e+02	-2.12275626590681270045e+02	-1.73154649287531299251e+02	-2.36374737201222497970e+06	-2.26905857950313389301e+06	-1.87757641909470921382e+06	-1.71950957274318765849e+06	
-1.12650961212439369410e+06	-4.22149610793812607881e+05	 3.28082215176539553795e+05	 1.62382560916978491150e+03	-1.00654831304385807016e+04	-3.10348175000305418507e+04	 5.78240103525566402823e+05	 2.76073036166967966665e+01	 2.41955417512812296366e+01	 1.76272720480025775203e+01	 1.27359412346376110747e+01	 5.96267861290747023304e+04	 4.01940997794767026789e+04	 9.56341112298174448370e+03	-3.76349494835514487932e+04	
-1.06994568084611091763e+05	-2.02321831592480698600e+06	 1.62382560916978491150e+03	 3.05800931050289073028e+05	-9.45157144067755325523e+02	-1.41929102344632665336e+04	 4.35104459160501719452e+05	 2.97981110125749708573e+01	 2.60634487512885399951e+01	 1.95646601097979555561e+01	 1.59897015693902488920e+01	 2.39154907014615018852e+05	 2.26713270473959273659e+05	 1.87148391314239677740e+05	 1.75188770133727754001e+05	
 4.62317122152063384419e+04	 1.38191215558161638910e+04	-1.00654831304385807016e+04	-9.45157144067755325523e+02	 4.23606618591233882398e+02	 1.01196859902201799741e+03	-2.09669440775539042079e+04	-8.88083828145357578876e-01	-7.80702952853564058344e-01	-5.74290243113275034048e-01	-4.26562236920125847917e-01	-2.81910345026696541026e+03	-2.21451895494081236393e+03	-1.14585960888688305204e+03	 3.32907127895781570714e+02	
 1.17184819874989305390e+05	 1.53535735702864360064e+05	-3.10348175000305418507e+04	-1.41929102344632665336e+04	 1.01196859902201799741e+03	 4.08873375601145335168e+03	-9.37499102087355713593e+04	-4.08138750769502589577e+00	-3.60930884094716519783e+00	-2.70264255702962508110e+00	-2.11231962380766891130e+00	-2.11458484297688337392e+04	-1.90606231412842171267e+04	-1.40284988525113349169e+04	-9.25042629281610970793e+03	
-2.46574570667777583003e+06	-5.68172196309973206371e+06	 5.78240103525566402823e+05	 4.35104459160501719452e+05	-2.09669440775539042079e+04	-9.37499102087355713593e+04	 3.32915406491302372888e+06	 1.29043018951465342070e+02	 1.21107473838895458584e+02	 9.65757404213068184617e+01	 8.23622259854587071004e+01	 8.90967048309613484889e+05	 8.90672606233468861319e+05	 7.50896218095265794545e+05	 6.70678863732862868346e+05	
-9.94734087656996734950e+01	-3.13002525777443793231e+02	 2.76073036166967966665e+01	 2.97981110125749708573e+01	-8.88083828145357578876e-01	-4.08138750769502589577e+00	 1.29043018951465342070e+02	 2.43917653140945725476e-02	0.00000000000000000000e+00	0.00000000000000000000e+00	0.00000000000000000000e+00	 1.43281297627594483401e+02	 1.70691369025255390568e-14	-1.64850771922075978182e-14	0.00000000000000000000e+00	
-8.77691198067795426141e+01	-2.79123943075347540344e+02	 2.41955417512812296366e+01	 2.60634487512885399951e+01	-7.80702952853564058344e-01	-3.60930884094716519783e+00	 1.21107473838895458584e+02	0.00000000000000000000e+00	 2.12818103853397166958e-02	0.00000000000000000000e+00	-6.41839215781946081929e-19	0.00000000000000000000e+00	 1.32531570790980822494e+02	0.00000000000000000000e+00	0.00000000000000000000e+00	
-6.48145101247623642848e+01	-2.12275626590681270045e+02	 1.76272720480025775203e+01	 1.95646601097979555561e+01	-5.74290243113275034048e-01	-2.70264255702962508110e+00	 9.65757404213068184617e+01	0.00000000000000000000e+00	0.00000000000000000000e+00	 1.58433226774255288272e-02	0.00000000000000000000e+00	0.00000000000000000000e+00	0.00000000000000000000e+00	 1.04785356610374947195e+02	0.00000000000000000000e+00	
-4.84058500085975396132e+01	-1.73154649287531299251e+02	 1.27359412346376110747e+01	 1.59897015693902488920e+01	-4.26562236920125847917e-01	-2.11231962380766891130e+00	 8.23622259854587071004e+01	0.00000000000000000000e+00	-6.41839215781946081929e-19	0.00000000000000000000e+00	 1.26838635553442134057e-02	0.00000000000000000000e+00	0.00000000000000000000e+00	0.00000000000000000000e+00	 8.97103232599698401373e+01	
-3.19780539903010474518e+05	-2.36374737201222497970e+06	 5.96267861290747023304e+04	 2.39154907014615018852e+05	-2.81910345026696541026e+03	-2.11458484297688337392e+04	 8.90967048309613484889e+05	 1.43281297627594483401e+02	0.00000000000000000000e+00	0.00000000000000000000e+00	0.00000000000000000000e+00	 1.25335746672176616266e+06	-4.58495463817598647438e-11	-4.42845760062482440844e-11	-4.29878355134860612452e-11	
-2.53353905760071065743e+05	-2.26905857950313389301e+06	 4.01940997794767026789e+04	 2.26713270473959273659e+05	-2.21451895494081236393e+03	-1.90606231412842171267e+04	 8.90672606233468861319e+05	 1.70691369025255390568e-14	 1.32531570790980822494e+02	0.00000000000000000000e+00	0.00000000000000000000e+00	-4.58495463817598647438e-11	 1.23649970406234543771e+06	-4.24122958975203800946e-11	-4.11688461099402047694e-11	
-1.33556311207101331092e+05	-1.87757641909470921382e+06	 9.56341112298174448370e+03	 1.87148391314239677740e+05	-1.14585960888688305204e+03	-1.40284988525113349169e+04	 7.50896218095265794545e+05	-1.64850771922075978182e-14	0.00000000000000000000e+00	 1.04785356610374947195e+02	0.00000000000000000000e+00	-4.42845760062482440844e-11	-4.24122958975203800946e-11	 1.05403246484022866935e+06	-3.97619714931352064013e-11	
 3.27752123456806439208e+04	-1.71950957274318765849e+06	-3.76349494835514487932e+04	 1.75188770133727754001e+05	 3.32907127895781570714e+02	-9.25042629281610970793e+03	 6.70678863732862868346e+05	0.00000000000000000000e+00	0.00000000000000000000e+00	0.00000000000000000000e+00	 8.97103232599698401373e+01	-4.29878355134860612452e-11	-4.11688461099402047694e-11	-3.97619714931352064013e-11	 1.00311984003082581330e+06	
