#          Omega_b,                h,              n_s,           sigma8,       N_eff_camb,        m_nu_camb,     Omega_m_camb,          P_shot0,          P_shot1,          P_shot2,          P_shot3,      lnbsigma8_0,      lnbsigma8_1,      lnbsigma8_2,      lnbsigma8_3
 5.44628046346346009523e+06	 1.61870979571866942570e+06	-1.12169771059421496466e+06	-1.05276032597185112536e+05	 4.60258219402223912766e+04	 1.17612434974833013257e+05	-2.44958450675199227408e+06	-9.93200730033782690498e+01	-8.75937264250604101790e+01	-6.46415014608392937134e+01	-4.82198955139146505644e+01	-3.15771450377227505669e+05	-2.49717740021048462950e+05	-1.30817638316173979547e+05	 3.45437718696309893858e+04	
 1.61870979571866942570e+06	 1.75594283508088551462e+07	-4.15361063912336772773e+05	-2.01779179393976414576e+06	 1.36260629884423287876e+04	 1.53122003268862783443e+05	-5.64047093488568812609e+06	-3.12740131913991831425e+02	-2.78788149028572433963e+02	-2.11913341454912256268e+02	-1.72719010461878355045e+02	-2.34853688486254401505e+06	-2.25437266110701253638e+06	-1.86497176590705849230e+06	-1.70700382748357160017e+06	
-1.12169771059421496466e+06	-4.15361063912336772773e+05	 3.26575426686405320652e+05	 1.15048121986799583283e+03	-1.00211291912403430615e+04	-3.11391719142716174247e+04	 5.74004367393580148928e+05	 2.75497379539091653555e+01	 2.41334450627106065213e+01	 1.75694472622193060829e+01	 1.26780858919210288605e+01	 5.85841294669253838947e+04	 3.92750846128752309596e+04	 8.91312700500072423893e+03	-3.79587513536943733925e+04	
-1.05276032597185112536e+05	-2.01779179393976414576e+06	 1.15048121986799583283e+03	 3.05950058346989215352e+05	-9.30828279338819470468e+02	-1.41903351397951282706e+04	 4.33489927497616445180e+05	 2.98665124693625543273e+01	 2.61116346419796947487e+01	 1.95904101792707514562e+01	 1.59979003811452624717e+01	 2.38479633989645051770e+05	 2.26038457953129051020e+05	 1.86535183037306880578e+05	 1.74510876764881541021e+05	
 4.60258219402223912766e+04	 1.36260629884423287876e+04	-1.00211291912403430615e+04	-9.30828279338819470468e+02	 4.21775054306863694364e+02	 1.01570831415386703611e+03	-2.08313044095668155933e+04	-8.86604153145029494354e-01	-7.79054753689721102283e-01	-5.72707103563004249480e-01	-4.24908036500913244282e-01	-2.78444558748255667524e+03	-2.18340382847879754991e+03	-1.12282878782767966186e+03	 3.47016233478293315784e+02	
 1.17612434974833013257e+05	 1.53122003268862783443e+05	-3.11391719142716174247e+04	-1.41903351397951282706e+04	 1.01570831415386703611e+03	 4.12413261989128750429e+03	-9.37754125302292231936e+04	-4.10047736919585137372e+00	-3.62464290376505937630e+00	-2.71252673669740662632e+00	-2.11791023638853115330e+00	-2.10823037621032417519e+04	-1.89916592562974183238e+04	-1.39582378444062560447e+04	-9.16186851154785836115e+03	
-2.44958450675199227408e+06	-5.64047093488568812609e+06	 5.74004367393580148928e+05	 4.33489927497616445180e+05	-2.08313044095668155933e+04	-9.37754125302292231936e+04	 3.30540351195922819898e+06	 1.28945749650063589797e+02	 1.20955535050479682013e+02	 9.63927056194960982793e+01	 8.21248761849083166453e+01	 8.84506421212594956160e+05	 8.84071677859083632939e+05	 7.45018428926176391542e+05	 6.64827537180297542363e+05	
-9.93200730033782690498e+01	-3.12740131913991831425e+02	 2.75497379539091653555e+01	 2.98665124693625543273e+01	-8.86604153145029494354e-01	-4.10047736919585137372e+00	 1.28945749650063589797e+02	 2.45139632419917492812e-02	0.00000000000000000000e+00	 7.23472016073579277107e-19	0.00000000000000000000e+00	 1.43124908008686730909e+02	0.00000000000000000000e+00	0.00000000000000000000e+00	0.00000000000000000000e+00	
-8.75937264250604101790e+01	-2.78788149028572433963e+02	 2.41334450627106065213e+01	 2.61116346419796947487e+01	-7.79054753689721102283e-01	-3.62464290376505937630e+00	 1.20955535050479682013e+02	0.00000000000000000000e+00	 2.13742346728639717734e-02	0.00000000000000000000e+00	0.00000000000000000000e+00	0.00000000000000000000e+00	 1.32338462951195310779e+02	0.00000000000000000000e+00	0.00000000000000000000e+00	
-6.46415014608392937134e+01	-2.11913341454912256268e+02	 1.75694472622193060829e+01	 1.95904101792707514562e+01	-5.72707103563004249480e-01	-2.71252673669740662632e+00	 9.63927056194960982793e+01	 7.23472016073579277107e-19	0.00000000000000000000e+00	 1.59004785059735816166e-02	-5.92393667485976299636e-19	0.00000000000000000000e+00	0.00000000000000000000e+00	 1.04578606751355749793e+02	0.00000000000000000000e+00	
-4.82198955139146505644e+01	-1.72719010461878355045e+02	 1.26780858919210288605e+01	 1.59979003811452624717e+01	-4.24908036500913244282e-01	-2.11791023638853115330e+00	 8.21248761849083166453e+01	0.00000000000000000000e+00	0.00000000000000000000e+00	-5.92393667485976299636e-19	 1.27166348346372075351e-02	0.00000000000000000000e+00	0.00000000000000000000e+00	0.00000000000000000000e+00	 8.94577460724070476772e+01	
-3.15771450377227505669e+05	-2.34853688486254401505e+06	 5.85841294669253838947e+04	 2.38479633989645051770e+05	-2.78444558748255667524e+03	-2.10823037621032417519e+04	 8.84506421212594956160e+05	 1.43124908008686730909e+02	0.00000000000000000000e+00	0.00000000000000000000e+00	0.00000000000000000000e+00	 1.24486363478499557823e+06	-4.58495463817598647438e-11	0.00000000000000000000e+00	 4.29807300861284602433e-11	
-2.49717740021048462950e+05	-2.25437266110701253638e+06	 3.92750846128752309596e+04	 2.26038457953129051020e+05	-2.18340382847879754991e+03	-1.89916592562974183238e+04	 8.84071677859083632939e+05	0.00000000000000000000e+00	 1.32338462951195310779e+02	0.00000000000000000000e+00	0.00000000000000000000e+00	-4.58495463817598647438e-11	 1.22810081864487356506e+06	 4.24158486111991805956e-11	0.00000000000000000000e+00	
-1.30817638316173979547e+05	-1.86497176590705849230e+06	 8.91312700500072423893e+03	 1.86535183037306880578e+05	-1.12282878782767966186e+03	-1.39582378444062560447e+04	 7.45018428926176391542e+05	0.00000000000000000000e+00	0.00000000000000000000e+00	 1.04578606751355749793e+02	0.00000000000000000000e+00	0.00000000000000000000e+00	 4.24158486111991805956e-11	 1.04662664132653013803e+06	-3.97619714931352064013e-11	
 3.45437718696309893858e+04	-1.70700382748357160017e+06	-3.79587513536943733925e+04	 1.74510876764881541021e+05	 3.47016233478293315784e+02	-9.16186851154785836115e+03	 6.64827537180297542363e+05	0.00000000000000000000e+00	0.00000000000000000000e+00	0.00000000000000000000e+00	 8.94577460724070476772e+01	 4.29807300861284602433e-11	0.00000000000000000000e+00	-3.97619714931352064013e-11	 9.95493178626160603017e+05	
