#          Omega_b,                h,              n_s,           sigma8,       N_eff_camb,        m_nu_camb,     Omega_m_camb,          P_shot0,          P_shot1,          P_shot2,          P_shot3,      lnbsigma8_0,      lnbsigma8_1,      lnbsigma8_2,      lnbsigma8_3
 5.46395462277002725750e+06	 1.64733111677636113018e+06	-1.12622302023458969779e+06	-1.04542912049956619740e+05	 4.61880085338113858597e+04	 1.16987690779813216068e+05	-2.45577910848023090512e+06	-9.93356385701890474138e+01	-8.76478638718298270760e+01	-6.47269427769412573070e+01	-4.83470588843068469487e+01	-3.17867522320535033941e+05	-2.51682557105582847726e+05	-1.32372674755486717913e+05	 3.36213366608323049149e+04	
 1.64733111677636113018e+06	 1.79436517974632941186e+07	-4.20555057897287188098e+05	-2.09078503459207154810e+06	 1.38776298150664115383e+04	 1.54690674299496226013e+05	-5.52117691477443929762e+06	-3.14703895059371347998e+02	-2.80578273095582403585e+02	-2.13333353239189676742e+02	-1.73998864258437777153e+02	-2.36179199896252760664e+06	-2.26813037413466069847e+06	-1.87788681790222716518e+06	-1.72167830563831957988e+06	
-1.12622302023458969779e+06	-4.20555057897287188098e+05	 3.27996988970305072144e+05	 2.49963675313072144490e+01	-1.00631849253632244654e+04	-3.09775145895588066196e+04	 5.77269767539107706398e+05	 2.75661376083870521825e+01	 2.41578812801424547274e+01	 1.75986935223606835166e+01	 1.27145106040555102567e+01	 5.91133948348876583623e+04	 3.97360499353628692916e+04	 9.22446474997267796425e+03	-3.79148980923959170468e+04	
-1.04542912049956619740e+05	-2.09078503459207154810e+06	 2.49963675313072144490e+01	 3.23045262402214924805e+05	-9.24934082249047719415e+02	-1.44753042570513425744e+04	 4.04566109895500005223e+05	 3.01570031902558710613e+01	 2.63903180445333447324e+01	 1.98229029576293456216e+01	 1.62224763317207205660e+01	 2.40221570916022552410e+05	 2.28088483581164851785e+05	 1.88690377680562582100e+05	 1.77322077573473623488e+05	
 4.61880085338113858597e+04	 1.38776298150664115383e+04	-1.00631849253632244654e+04	-9.24934082249047719415e+02	 4.23186401858521264785e+02	 1.01244334335511825884e+03	-2.08804052268449668190e+04	-8.86999290739561740970e-01	-7.79762190301341195919e-01	-5.73624458434910500237e-01	-4.26137029308748638279e-01	-2.80260631109333098721e+03	-2.20022531005722339614e+03	-1.13580657686478389223e+03	 3.40110860165800772847e+02	
 1.16987690779813216068e+05	 1.54690674299496226013e+05	-3.09775145895588066196e+04	-1.44753042570513425744e+04	 1.01244334335511825884e+03	 4.10873196802805341576e+03	-9.24357039833162561990e+04	-4.08092292095244246752e+00	-3.60801505019877755132e+00	-2.70105376161497012788e+00	-2.11067430205576433977e+00	-2.10478987092539864534e+04	-1.89731160275198635645e+04	-1.39634809714197272115e+04	-9.20227186962567429873e+03	
-2.45577910848023090512e+06	-5.52117691477443929762e+06	 5.77269767539107706398e+05	 4.04566109895500005223e+05	-2.08804052268449668190e+04	-9.24357039833162561990e+04	 3.31542692060314305127e+06	 1.27262458336231219391e+02	 1.19352702460217386715e+02	 9.51442098593115019867e+01	 8.11104723287122482134e+01	 8.79124827135887695476e+05	 8.77960902357387356460e+05	 7.39311426114839501679e+05	 6.58753650293103186414e+05	
-9.93356385701890474138e+01	-3.14703895059371347998e+02	 2.75661376083870521825e+01	 3.01570031902558710613e+01	-8.86999290739561740970e-01	-4.08092292095244246752e+00	 1.27262458336231219391e+02	 2.44495749784342866762e-02	0.00000000000000000000e+00	0.00000000000000000000e+00	-8.44068331938910287882e-19	 1.42757415050816291568e+02	0.00000000000000000000e+00	0.00000000000000000000e+00	0.00000000000000000000e+00	
-8.76478638718298270760e+01	-2.80578273095582403585e+02	 2.41578812801424547274e+01	 2.63903180445333447324e+01	-7.79762190301341195919e-01	-3.60801505019877755132e+00	 1.19352702460217386715e+02	0.00000000000000000000e+00	 2.13203563428123847590e-02	0.00000000000000000000e+00	0.00000000000000000000e+00	0.00000000000000000000e+00	 1.32051883756181496210e+02	0.00000000000000000000e+00	 1.14352971536391123664e-14	
-6.47269427769412573070e+01	-2.13333353239189676742e+02	 1.75986935223606835166e+01	 1.98229029576293456216e+01	-5.73624458434910500237e-01	-2.70105376161497012788e+00	 9.51442098593115019867e+01	0.00000000000000000000e+00	0.00000000000000000000e+00	 1.58622697399319508016e-02	0.00000000000000000000e+00	0.00000000000000000000e+00	0.00000000000000000000e+00	 1.04412267158812156254e+02	-1.09079412169421630097e-14	
-4.83470588843068469487e+01	-1.73998864258437777153e+02	 1.27145106040555102567e+01	 1.62224763317207205660e+01	-4.26137029308748638279e-01	-2.11067430205576433977e+00	 8.11104723287122482134e+01	-8.44068331938910287882e-19	0.00000000000000000000e+00	0.00000000000000000000e+00	 1.26899826014101584776e-02	0.00000000000000000000e+00	0.00000000000000000000e+00	0.00000000000000000000e+00	 8.94048399950536065717e+01	
-3.17867522320535033941e+05	-2.36179199896252760664e+06	 5.91133948348876583623e+04	 2.40221570916022552410e+05	-2.80260631109333098721e+03	-2.10478987092539864534e+04	 8.79124827135887695476e+05	 1.42757415050816291568e+02	0.00000000000000000000e+00	0.00000000000000000000e+00	0.00000000000000000000e+00	 1.24776327165878238156e+06	0.00000000000000000000e+00	0.00000000000000000000e+00	0.00000000000000000000e+00	
-2.51682557105582847726e+05	-2.26813037413466069847e+06	 3.97360499353628692916e+04	 2.28088483581164851785e+05	-2.20022531005722339614e+03	-1.89731160275198635645e+04	 8.77960902357387356460e+05	0.00000000000000000000e+00	 1.32051883756181496210e+02	0.00000000000000000000e+00	0.00000000000000000000e+00	0.00000000000000000000e+00	 1.23109821322106872685e+06	0.00000000000000000000e+00	0.00000000000000000000e+00	
-1.32372674755486717913e+05	-1.87788681790222716518e+06	 9.22446474997267796425e+03	 1.88690377680562582100e+05	-1.13580657686478389223e+03	-1.39634809714197272115e+04	 7.39311426114839501679e+05	0.00000000000000000000e+00	0.00000000000000000000e+00	 1.04412267158812156254e+02	0.00000000000000000000e+00	0.00000000000000000000e+00	0.00000000000000000000e+00	 1.04961192046452756040e+06	-3.53281848219921812415e-11	
 3.36213366608323049149e+04	-1.72167830563831957988e+06	-3.79148980923959170468e+04	 1.77322077573473623488e+05	 3.40110860165800772847e+02	-9.20227186962567429873e+03	 6.58753650293103186414e+05	0.00000000000000000000e+00	 1.14352971536391123664e-14	-1.09079412169421630097e-14	 8.94048399950536065717e+01	0.00000000000000000000e+00	0.00000000000000000000e+00	-3.53281848219921812415e-11	 9.99339610750177642331e+05	
