#          Omega_b,                h,              n_s,           sigma8,       N_eff_camb,        m_nu_camb,     Omega_m_camb,          P_shot0,          P_shot1,          P_shot2,          P_shot3,      lnbsigma8_0,      lnbsigma8_1,      lnbsigma8_2,      lnbsigma8_3
 5.46990456735823582858e+06	 1.64220332797607150860e+06	-1.12662548481516726315e+06	-1.07047319660403431044e+05	 4.62279416950461163651e+04	 1.18155767444719938794e+05	-2.46585998851569928229e+06	-9.94924938930415692084e+01	-8.77861881336348517380e+01	-6.48272398155040718848e+01	-4.84154722946089179914e+01	-3.19874056973001919687e+05	-2.53436892760420450941e+05	-1.33614574449815321714e+05	 3.27411541406173637370e+04	
 1.64220332797607150860e+06	 1.76671259489501528442e+07	-4.22058534235364233609e+05	-2.02317852126564783975e+06	 1.38289856839347867208e+04	 1.54287086217085015960e+05	-5.68156037498226203024e+06	-3.12997182365564754036e+02	-2.79119045989559367626e+02	-2.12271467160811880603e+02	-1.73150714697592860603e+02	-2.36369300675281230360e+06	-2.26900834804153908044e+06	-1.87753648226614180021e+06	-1.71948076373861473985e+06	
-1.12662548481516726315e+06	-4.22058534235364233609e+05	 3.28082221557705954183e+05	 1.62313935135674296362e+03	-1.00653726996038349171e+04	-3.12948175658022155403e+04	 5.78227012461024336517e+05	 2.76074049817565310150e+01	 2.41956211431085534969e+01	 1.76273223766075375352e+01	 1.27359749080506148289e+01	 5.96265333955851383507e+04	 4.01938209474550239975e+04	 9.56312417445569008123e+03	-3.76354558208294984070e+04	
-1.07047319660403431044e+05	-2.02317852126564783975e+06	 1.62313935135674296362e+03	 3.05796128625184413977e+05	-9.46428352984539628778e+02	-1.42504312730836827541e+04	 4.35107796840722090565e+05	 2.97980844119043268847e+01	 2.60633991026462616958e+01	 1.95645947017907175791e+01	 1.59896083934886164002e+01	 2.39151734346000652295e+05	 2.26710080696932447609e+05	 1.87145558318042254541e+05	 1.75185867426095821429e+05	
 4.62279416950461163651e+04	 1.38289856839347867208e+04	-1.00653726996038349171e+04	-9.46428352984539628778e+02	 4.23661002121501496731e+02	 1.02040898858070659116e+03	-2.09716383766781436861e+04	-8.88132237685054892751e-01	-7.80760960120338909363e-01	-5.74351813148422429833e-01	-4.26634422819099801139e-01	-2.82064679655763666233e+03	-2.21610727546449743386e+03	-1.14729622096744697046e+03	 3.31478926619947174004e+02	
 1.18155767444719938794e+05	 1.54287086217085015960e+05	-3.12948175658022155403e+04	-1.42504312730836827541e+04	 1.02040898858070659116e+03	 4.14404198413389349298e+03	-9.43844516082867048681e+04	-4.10408690156874023103e+00	-3.62967360167706765139e+00	-2.71810277796820498608e+00	-2.12451594188030679078e+00	-2.12555396644585125614e+04	-1.91561779165409025154e+04	-1.40928036405813381862e+04	-9.27577538670859939884e+03	
-2.46585998851569928229e+06	-5.68156037498226203024e+06	 5.78227012461024336517e+05	 4.35107796840722090565e+05	-2.09716383766781436861e+04	-9.43844516082867048681e+04	 3.32921012639155797660e+06	 1.29042012859942246905e+02	 1.21107202271979190300e+02	 9.65759488977633679951e+01	 8.23627851434115996199e+01	 8.90972767756869783625e+05	 8.90682178120871074498e+05	 7.50906594573436304927e+05	 6.70689574141183635220e+05	
-9.94924938930415692084e+01	-3.12997182365564754036e+02	 2.76074049817565310150e+01	 2.97980844119043268847e+01	-8.88132237685054892751e-01	-4.10408690156874023103e+00	 1.29042012859942246905e+02	 2.43919756637708089186e-02	-7.83717234447041388723e-19	 7.23472016073579277107e-19	0.00000000000000000000e+00	 1.43281275528930450491e+02	0.00000000000000000000e+00	 8.24340595784178731265e-15	0.00000000000000000000e+00	
-8.77861881336348517380e+01	-2.79119045989559367626e+02	 2.41956211431085534969e+01	 2.60633991026462616958e+01	-7.80760960120338909363e-01	-3.62967360167706765139e+00	 1.21107202271979190300e+02	-7.83717234447041388723e-19	 2.12819777102584879735e-02	-6.83555588434220373628e-19	0.00000000000000000000e+00	0.00000000000000000000e+00	 1.32531441849511992359e+02	0.00000000000000000000e+00	0.00000000000000000000e+00	
-6.48272398155040718848e+01	-2.12271467160811880603e+02	 1.76273223766075375352e+01	 1.95645947017907175791e+01	-5.74351813148422429833e-01	-2.71810277796820498608e+00	 9.65759488977633679951e+01	 7.23472016073579277107e-19	-6.83555588434220373628e-19	 1.58434310042553615216e-02	0.00000000000000000000e+00	0.00000000000000000000e+00	0.00000000000000000000e+00	 1.04785128801389177511e+02	0.00000000000000000000e+00	
-4.84154722946089179914e+01	-1.73150714697592860603e+02	 1.27359749080506148289e+01	 1.59896083934886164002e+01	-4.26634422819099801139e-01	-2.12451594188030679078e+00	 8.23627851434115996199e+01	0.00000000000000000000e+00	0.00000000000000000000e+00	0.00000000000000000000e+00	 1.26839294277274455131e-02	0.00000000000000000000e+00	0.00000000000000000000e+00	0.00000000000000000000e+00	 8.97099350188491229119e+01	
-3.19874056973001919687e+05	-2.36369300675281230360e+06	 5.96265333955851383507e+04	 2.39151734346000652295e+05	-2.82064679655763666233e+03	-2.12555396644585125614e+04	 8.90972767756869783625e+05	 1.43281275528930450491e+02	0.00000000000000000000e+00	0.00000000000000000000e+00	0.00000000000000000000e+00	 1.25334458242387254722e+06	0.00000000000000000000e+00	0.00000000000000000000e+00	0.00000000000000000000e+00	
-2.53436892760420450941e+05	-2.26900834804153908044e+06	 4.01938209474550239975e+04	 2.26710080696932447609e+05	-2.21610727546449743386e+03	-1.91561779165409025154e+04	 8.90682178120871074498e+05	0.00000000000000000000e+00	 1.32531441849511992359e+02	0.00000000000000000000e+00	0.00000000000000000000e+00	0.00000000000000000000e+00	 1.23648598881035437807e+06	 4.24122958975203800946e-11	0.00000000000000000000e+00	
-1.33614574449815321714e+05	-1.87753648226614180021e+06	 9.56312417445569008123e+03	 1.87145558318042254541e+05	-1.14729622096744697046e+03	-1.40928036405813381862e+04	 7.50906594573436304927e+05	 8.24340595784178731265e-15	0.00000000000000000000e+00	 1.04785128801389177511e+02	0.00000000000000000000e+00	0.00000000000000000000e+00	 4.24122958975203800946e-11	 1.05401961145617044531e+06	-3.97619714931352064013e-11	
 3.27411541406173637370e+04	-1.71948076373861473985e+06	-3.76354558208294984070e+04	 1.75185867426095821429e+05	 3.31478926619947174004e+02	-9.27577538670859939884e+03	 6.70689574141183635220e+05	0.00000000000000000000e+00	0.00000000000000000000e+00	0.00000000000000000000e+00	 8.97099350188491229119e+01	0.00000000000000000000e+00	0.00000000000000000000e+00	-3.97619714931352064013e-11	 1.00310610573660128284e+06	
