#          Omega_b,                h,              n_s,           sigma8,       N_eff_camb,        m_nu_camb,     Omega_m_camb,          P_shot0,          P_shot1,          P_shot2,          P_shot3,      lnbsigma8_0,      lnbsigma8_1,      lnbsigma8_2,      lnbsigma8_3
 4.71254124536088388413e+06	-5.34303780280304054031e+04	-8.87493518655659281649e+05	 2.83309911158949907986e+04	 3.91970987607385395677e+04	 9.12512061048562463839e+04	-1.64220685257629398257e+06	-3.94770167502894651079e+01	-3.59282419585809549289e+01	-2.73289363910808518199e+01	-2.06851759216677528741e+01	-7.11209632277927157702e+04	-3.04560568442623880401e+04	 3.22872763245472015115e+04	 1.56477117600499826949e+05	
-5.34303780280304054031e+04	 1.34147603719265442342e+07	 1.19862921483431651723e+05	-1.63945550352647551335e+06	-1.87541755237539791779e+03	 9.35056535394394159084e+04	-3.97881174609224498272e+06	-1.70090231670244918405e+02	-1.56951678194155988422e+02	-1.24981138966962447512e+02	-1.09519355391559315649e+02	-1.81993458617090922780e+06	-1.78268141108428500593e+06	-1.51702990602068766020e+06	-1.45195170116584189236e+06	
-8.87493518655659281649e+05	 1.19862921483431651723e+05	 2.50606758178507356206e+05	-4.03104257685132470215e+04	-7.85490441256224494282e+03	-2.26651053896396806522e+04	 3.09725716131020570174e+05	 8.54195859329494133760e+00	 7.48930997720444224797e+00	 5.37696613427871827895e+00	 3.52332790495384351459e+00	-1.93166893711686607276e+04	-3.15898386676874542900e+04	-4.45870041092131868936e+04	-7.86728204411699989578e+04	
 2.83309911158949907986e+04	-1.63945550352647551335e+06	-4.03104257685132470215e+04	 2.65078580863806011621e+05	 3.08128669430954460040e+02	-9.37651073731902215513e+03	 3.24615279782324563712e+05	 1.77577479691404178652e+01	 1.60532974558404468723e+01	 1.25923647559177052102e+01	 1.10133453377674328522e+01	 1.98593930807370052207e+05	 1.91285062768357922323e+05	 1.61408985374855925329e+05	 1.56328932227567100199e+05	
 3.91970987607385395677e+04	-1.87541755237539791779e+03	-7.85490441256224494282e+03	 3.08128669430954460040e+02	 3.57814642320061921055e+02	 7.71694869817799940392e+02	-1.33108115388733422151e+04	-3.35239518617829412861e-01	-3.02436354043960742288e-01	-2.27873408916261510626e-01	-1.69638692629655335464e-01	-5.15532874972985609929e+02	-1.42210583986656331490e+02	 4.02198543343029314201e+02	 1.49406187150523328455e+03	
 9.12512061048562463839e+04	 9.35056535394394159084e+04	-2.26651053896396806522e+04	-9.37651073731902215513e+03	 7.71694869817799940392e+02	 3.17646563518800303427e+03	-6.52006692783039907226e+04	-1.97257025558951726296e+00	-1.79085698496045342409e+00	-1.38744697578602904642e+00	-1.13700572844515512827e+00	-1.25404437143088143785e+04	-1.13247750540169072337e+04	-8.25114088797355361748e+03	-4.91776277749741257139e+03	
-1.64220685257629398257e+06	-3.97881174609224498272e+06	 3.09725716131020570174e+05	 3.24615279782324563712e+05	-1.33108115388733422151e+04	-6.52006692783039907226e+04	 2.31873631460735714063e+06	 6.75546328362217423091e+01	 6.57887075208876979104e+01	 5.48507312362011631990e+01	 4.99002174239323039728e+01	 6.16169049745513824746e+05	 6.33801431782210245728e+05	 5.52171293684031581506e+05	 5.15880109435331076384e+05	
-3.94770167502894651079e+01	-1.70090231670244918405e+02	 8.54195859329494133760e+00	 1.77577479691404178652e+01	-3.35239518617829412861e-01	-1.97257025558951726296e+00	 6.75546328362217423091e+01	 9.57326823565701409691e-03	0.00000000000000000000e+00	-3.61683068477586244782e-19	0.00000000000000000000e+00	 8.45196542867745392869e+01	-8.53397214006790250096e-15	0.00000000000000000000e+00	-8.00054467120503431943e-15	
-3.59282419585809549289e+01	-1.56951678194155988422e+02	 7.48930997720444224797e+00	 1.60532974558404468723e+01	-3.02436354043960742288e-01	-1.79085698496045342409e+00	 6.57887075208876979104e+01	0.00000000000000000000e+00	 8.71314386516976006891e-03	 3.41777794217110186814e-19	0.00000000000000000000e+00	0.00000000000000000000e+00	 8.05485214778332760943e+01	0.00000000000000000000e+00	0.00000000000000000000e+00	
-2.73289363910808518199e+01	-1.24981138966962447512e+02	 5.37696613427871827895e+00	 1.25923647559177052102e+01	-2.27873408916261510626e-01	-1.38744697578602904642e+00	 5.48507312362011631990e+01	-3.61683068477586244782e-19	 3.41777794217110186814e-19	 6.85054149324518506931e-03	 2.96223303522589846704e-19	0.00000000000000000000e+00	0.00000000000000000000e+00	 6.63155105770701709389e+01	0.00000000000000000000e+00	
-2.06851759216677528741e+01	-1.09519355391559315649e+02	 3.52332790495384351459e+00	 1.10133453377674328522e+01	-1.69638692629655335464e-01	-1.13700572844515512827e+00	 4.99002174239323039728e+01	0.00000000000000000000e+00	0.00000000000000000000e+00	 2.96223303522589846704e-19	 5.95373311903045487892e-03	0.00000000000000000000e+00	0.00000000000000000000e+00	0.00000000000000000000e+00	 6.05028885995640450801e+01	
-7.11209632277927157702e+04	-1.81993458617090922780e+06	-1.93166893711686607276e+04	 1.98593930807370052207e+05	-5.15532874972985609929e+02	-1.25404437143088143785e+04	 6.16169049745513824746e+05	 8.45196542867745392869e+01	0.00000000000000000000e+00	0.00000000000000000000e+00	0.00000000000000000000e+00	 9.98977119657555478625e+05	0.00000000000000000000e+00	0.00000000000000000000e+00	0.00000000000000000000e+00	
-3.04560568442623880401e+04	-1.78268141108428500593e+06	-3.15898386676874542900e+04	 1.91285062768357922323e+05	-1.42210583986656331490e+02	-1.13247750540169072337e+04	 6.33801431782210245728e+05	-8.53397214006790250096e-15	 8.05485214778332760943e+01	0.00000000000000000000e+00	0.00000000000000000000e+00	0.00000000000000000000e+00	 1.00379281160893000197e+06	0.00000000000000000000e+00	0.00000000000000000000e+00	
 3.22872763245472015115e+04	-1.51702990602068766020e+06	-4.45870041092131868936e+04	 1.61408985374855925329e+05	 4.02198543343029314201e+02	-8.25114088797355361748e+03	 5.52171293684031581506e+05	0.00000000000000000000e+00	0.00000000000000000000e+00	 6.63155105770701709389e+01	0.00000000000000000000e+00	0.00000000000000000000e+00	0.00000000000000000000e+00	 8.77465922660912619904e+05	0.00000000000000000000e+00	
 1.56477117600499826949e+05	-1.45195170116584189236e+06	-7.86728204411699989578e+04	 1.56328932227567100199e+05	 1.49406187150523328455e+03	-4.91776277749741257139e+03	 5.15880109435331076384e+05	-8.00054467120503431943e-15	0.00000000000000000000e+00	0.00000000000000000000e+00	 6.05028885995640450801e+01	0.00000000000000000000e+00	0.00000000000000000000e+00	0.00000000000000000000e+00	 8.68525553809796459973e+05	
