#          Omega_b,                h,              n_s,           sigma8,       N_eff_camb,        m_nu_camb,     Omega_m_camb,          P_shot0,          P_shot1,          P_shot2,          P_shot3,      lnbsigma8_0,      lnbsigma8_1,      lnbsigma8_2,      lnbsigma8_3
 5.54420358866968192160e+06	 1.72212405222112522461e+06	-1.14209086958736367524e+06	-1.14448658043581584934e+05	 4.57243030415971006732e+04	 8.34458693872365402058e+04	-2.51103766740475688130e+06	-1.01544117054081425522e+02	-8.97493307164515101704e+01	-6.64406512953383696640e+01	-4.98341899749541425990e+01	-3.30384704021836048923e+05	-2.63780526664912176784e+05	-1.41943380855607683770e+05	 2.69610536925633787178e+04	
 1.72212405222112522461e+06	 1.81029565987067520618e+07	-4.44323499398156825919e+05	-2.07352475062623945996e+06	 1.31906883036793406063e+04	-2.86647712113749548735e+04	-5.79778689294554479420e+06	-3.19501334342314635251e+02	-2.85313805364598920278e+02	-2.17386937374322030792e+02	-1.77873028095327356368e+02	-2.40755424558969680220e+06	-2.31473711178237758577e+06	-1.91909944265596009791e+06	-1.76301808688465552405e+06	
-1.14209086958736367524e+06	-4.44323499398156825919e+05	 3.32876849991011666134e+05	 3.25036258152949085343e+03	-9.89226434708426313591e+03	-2.44330725771937250101e+04	 5.90233487854813691229e+05	 2.82105263484250521344e+01	 2.47697605048194020583e+01	 1.80934405970168583622e+01	 1.31335498738279845554e+01	 6.23420689861793725868e+04	 4.27847058132877718890e+04	 1.15191116800488198351e+04	-3.65934680571786593646e+04	
-1.14448658043581584934e+05	-2.07352475062623945996e+06	 3.25036258152949085343e+03	 3.13019619891783979256e+05	-8.92203076725916616851e+02	 9.72192548572169471299e+03	 4.42956376810164889321e+05	 3.04390725624033180452e+01	 2.66569375705449402858e+01	 2.00420730677422085364e+01	 1.64251603649167776666e+01	 2.43570502226028882433e+05	 2.31221446984032634646e+05	 1.91186315396633057389e+05	 1.79469321279978088569e+05	
 4.57243030415971006732e+04	 1.31906883036793406063e+04	-9.89226434708426313591e+03	-8.92203076725916616851e+02	 4.10613304776153768216e+02	 6.90788074605293559216e+02	-2.05200199054199256352e+04	-8.67718328855785925313e-01	-7.64828866449033251129e-01	-5.64290670954956219418e-01	-4.20855361552728512997e-01	-2.72801618845380380662e+03	-2.15034922610337889637e+03	-1.11516445638086315739e+03	 3.32952466834832762288e+02	
 8.34458693872365402058e+04	-2.86647712113749548735e+04	-2.44330725771937250101e+04	 9.72192548572169471299e+03	 6.90788074605293559216e+02	 2.30997672335133711385e+03	-3.48591652272860519588e+04	-1.05591685004793545133e+00	-8.52889985461461330729e-01	-5.58506429156883088538e-01	-3.06419786772266555808e-01	 1.45171680029005506185e+03	 3.12353235775339180691e+03	 4.69548854980188207264e+03	 8.27089071772106763092e+03	
-2.51103766740475688130e+06	-5.79778689294554479420e+06	 5.90233487854813691229e+05	 4.42956376810164889321e+05	-2.05200199054199256352e+04	-3.48591652272860519588e+04	 3.39038637843987904489e+06	 1.31151008403905535715e+02	 1.23280858815115863081e+02	 9.85163049232118481768e+01	 8.43039497499900676303e+01	 9.05435221268620807678e+05	 9.06857671464900020510e+05	 7.66335961488956003450e+05	 6.87088530425184639171e+05	
-1.01544117054081425522e+02	-3.19501334342314635251e+02	 2.82105263484250521344e+01	 3.04390725624033180452e+01	-8.67718328855785925313e-01	-1.05591685004793545133e+00	 1.31151008403905535715e+02	 2.48365689183386688377e-02	0.00000000000000000000e+00	0.00000000000000000000e+00	0.00000000000000000000e+00	 1.45850116656186628461e+02	0.00000000000000000000e+00	0.00000000000000000000e+00	0.00000000000000000000e+00	
-8.97493307164515101704e+01	-2.85313805364598920278e+02	 2.47697605048194020583e+01	 2.66569375705449402858e+01	-7.64828866449033251129e-01	-8.52889985461461330729e-01	 1.23280858815115863081e+02	0.00000000000000000000e+00	 2.16941145087511007283e-02	0.00000000000000000000e+00	-6.41839215781946081929e-19	0.00000000000000000000e+00	 1.35098212113154431790e+02	0.00000000000000000000e+00	0.00000000000000000000e+00	
-6.64406512953383696640e+01	-2.17386937374322030792e+02	 1.80934405970168583622e+01	 2.00420730677422085364e+01	-5.64290670954956219418e-01	-5.58506429156883088538e-01	 9.85163049232118481768e+01	0.00000000000000000000e+00	0.00000000000000000000e+00	 1.61789057331709236476e-02	0.00000000000000000000e+00	0.00000000000000000000e+00	0.00000000000000000000e+00	 1.07029289914131823025e+02	0.00000000000000000000e+00	
-4.98341899749541425990e+01	-1.77873028095327356368e+02	 1.31335498738279845554e+01	 1.64251603649167776666e+01	-4.20855361552728512997e-01	-3.06419786772266555808e-01	 8.43039497499900676303e+01	0.00000000000000000000e+00	-6.41839215781946081929e-19	0.00000000000000000000e+00	 1.29917879762181630310e-02	-7.29711430169643904264e-15	-6.98920088471055578339e-15	0.00000000000000000000e+00	 9.19326198492297805842e+01	
-3.30384704021836048923e+05	-2.40755424558969680220e+06	 6.23420689861793725868e+04	 2.43570502226028882433e+05	-2.72801618845380380662e+03	 1.45171680029005506185e+03	 9.05435221268620807678e+05	 1.45850116656186628461e+02	0.00000000000000000000e+00	0.00000000000000000000e+00	-7.29711430169643904264e-15	 1.27321762976508983411e+06	 4.58493243371549397125e-11	-4.42810232925694435835e-11	0.00000000000000000000e+00	
-2.63780526664912176784e+05	-2.31473711178237758577e+06	 4.27847058132877718890e+04	 2.31221446984032634646e+05	-2.15034922610337889637e+03	 3.12353235775339180691e+03	 9.06857671464900020510e+05	0.00000000000000000000e+00	 1.35098212113154431790e+02	0.00000000000000000000e+00	-6.98920088471055578339e-15	 4.58493243371549397125e-11	 1.25806672123690322042e+06	-4.24158486111991805956e-11	0.00000000000000000000e+00	
-1.41943380855607683770e+05	-1.91909944265596009791e+06	 1.15191116800488198351e+04	 1.91186315396633057389e+05	-1.11516445638086315739e+03	 4.69548854980188207264e+03	 7.66335961488956003450e+05	0.00000000000000000000e+00	0.00000000000000000000e+00	 1.07029289914131823025e+02	0.00000000000000000000e+00	-4.42810232925694435835e-11	-4.24158486111991805956e-11	 1.07460282863699947484e+06	0.00000000000000000000e+00	
 2.69610536925633787178e+04	-1.76301808688465552405e+06	-3.65934680571786593646e+04	 1.79469321279978088569e+05	 3.32952466834832762288e+02	 8.27089071772106763092e+03	 6.87088530425184639171e+05	0.00000000000000000000e+00	0.00000000000000000000e+00	0.00000000000000000000e+00	 9.19326198492297805842e+01	0.00000000000000000000e+00	0.00000000000000000000e+00	0.00000000000000000000e+00	 1.02601920363977563102e+06	
