#          Omega_b,                h,              n_s,           sigma8,       N_eff_camb,        m_nu_camb,     Omega_m_camb,          P_shot0,          P_shot1,          P_shot2,          P_shot3,      lnbsigma8_0,      lnbsigma8_1,      lnbsigma8_2,      lnbsigma8_3
 4.71146663567938283086e+06	-4.56453410959381435532e+04	-8.88538221434337669052e+05	 3.06864202372396612191e+04	 3.92129007057662965963e+04	 9.50973406573630345520e+04	-1.64166655646543879993e+06	-3.94785774394872532866e+01	-3.59267549274913307045e+01	-2.73265417710282854102e+01	-2.06871651547269941318e+01	-7.06852678910591348540e+04	-3.01056835312683724624e+04	 3.24952693187012046110e+04	 1.56607481839432206471e+05	
-4.56453410959381435532e+04	 1.36664773743285797536e+07	 1.19985164301396114752e+05	-1.70234248400720348582e+06	-1.79304008625197593574e+03	 8.69240332018176122801e+04	-3.85064734525655861944e+06	-1.71230977396845872818e+02	-1.57966237072446347156e+02	-1.25759774929602272664e+02	-1.10193063733827642636e+02	-1.82140497222024342045e+06	-1.78479210841562598944e+06	-1.51960309592363890260e+06	-1.45589038353006215766e+06	
-8.88538221434337669052e+05	 1.19985164301396114752e+05	 2.50945096855355834123e+05	-4.18659554894277389394e+04	-7.86890224718591889541e+03	-2.38431838576434020069e+04	 3.11506005715347360820e+05	 8.54741073229958736590e+00	 7.49394974621159004613e+00	 5.38060674889692336365e+00	 3.52693797891158844493e+00	-1.94008404240712770843e+04	-3.16585627312919677934e+04	-4.46335752387010143138e+04	-7.87326027328403724823e+04	
 3.06864202372396612191e+04	-1.70234248400720348582e+06	-4.18659554894277389394e+04	 2.81573875355616968591e+05	 3.31748021975083133839e+02	-8.13674996082007055520e+03	 2.97959969335872796364e+05	 1.80102194308045113758e+01	 1.62909246716181712600e+01	 1.27884855586635204361e+01	 1.12017149220527301168e+01	 2.00021548522470344324e+05	 1.92956673802865669131e+05	 1.63152088236708077602e+05	 1.58598243369153060485e+05	
 3.92129007057662965963e+04	-1.79304008625197593574e+03	-7.86890224718591889541e+03	 3.31748021975083133839e+02	 3.57991639944825010389e+02	 8.05893286703618514366e+02	-1.33170315549634360650e+04	-3.35270138612346002560e-01	-3.02429734143119854917e-01	-2.27895547603721992935e-01	-1.69709101201350492927e-01	-5.09556087899049657608e+02	-1.37012129885102012850e+02	 4.05669727363121467079e+02	 1.49695732571465646288e+03	
 9.50973406573630345520e+04	 8.69240332018176122801e+04	-2.38431838576434020069e+04	-8.13674996082007055520e+03	 8.05893286703618514366e+02	 3.29727925161100256446e+03	-6.42463722659679697244e+04	-1.91423529298024042156e+00	-1.74123896253936560896e+00	-1.34968717127162252112e+00	-1.10370906663211965082e+00	-1.14206643149756127968e+04	-1.02905674467932039988e+04	-7.38800559019629145041e+03	-4.04328880060390656581e+03	
-1.64166655646543879993e+06	-3.85064734525655861944e+06	 3.11506005715347360820e+05	 2.97959969335872796364e+05	-1.33170315549634360650e+04	-6.42463722659679697244e+04	 2.30853617039741063491e+06	 6.65238285593088676251e+01	 6.47335937618394154924e+01	 5.39481775148386901719e+01	 4.90527729561961223226e+01	 6.06157157623013830744e+05	 6.22860971438273671083e+05	 5.41997770077575696632e+05	 5.05082968979805125855e+05	
-3.94785774394872532866e+01	-1.71230977396845872818e+02	 8.54741073229958736590e+00	 1.80102194308045113758e+01	-3.35270138612346002560e-01	-1.91423529298024042156e+00	 6.65238285593088676251e+01	 9.57906943678924968633e-03	-2.77826806699410511214e-19	-2.77826806699410511214e-19	0.00000000000000000000e+00	 8.42454700671422642699e+01	 3.70016517425852953238e-15	-3.70076148545339655982e-15	0.00000000000000000000e+00	
-3.59267549274913307045e+01	-1.57966237072446347156e+02	 7.49394974621159004613e+00	 1.62909246716181712600e+01	-3.02429734143119854917e-01	-1.74123896253936560896e+00	 6.47335937618394154924e+01	-2.77826806699410511214e-19	 8.71581355677727639963e-03	0.00000000000000000000e+00	0.00000000000000000000e+00	0.00000000000000000000e+00	 8.02897694615695485254e+01	0.00000000000000000000e+00	0.00000000000000000000e+00	
-2.73265417710282854102e+01	-1.25759774929602272664e+02	 5.38060674889692336365e+00	 1.27884855586635204361e+01	-2.27895547603721992935e-01	-1.34968717127162252112e+00	 5.39481775148386901719e+01	-2.77826806699410511214e-19	0.00000000000000000000e+00	 6.85039420905464435663e-03	0.00000000000000000000e+00	0.00000000000000000000e+00	 3.70016517425852953238e-15	 6.61062229963191754223e+01	-3.70189989773450633948e-15	
-2.06871651547269941318e+01	-1.10193063733827642636e+02	 3.52693797891158844493e+00	 1.12017149220527301168e+01	-1.69709101201350492927e-01	-1.10370906663211965082e+00	 4.90527729561961223226e+01	0.00000000000000000000e+00	0.00000000000000000000e+00	0.00000000000000000000e+00	 5.95143450405069465020e-03	0.00000000000000000000e+00	 7.40033034851705906476e-15	-7.40152297090679311964e-15	 6.03218614547242069079e+01	
-7.06852678910591348540e+04	-1.82140497222024342045e+06	-1.94008404240712770843e+04	 2.00021548522470344324e+05	-5.09556087899049657608e+02	-1.14206643149756127968e+04	 6.06157157623013830744e+05	 8.42454700671422642699e+01	0.00000000000000000000e+00	0.00000000000000000000e+00	0.00000000000000000000e+00	 9.94630138259872212075e+05	0.00000000000000000000e+00	0.00000000000000000000e+00	0.00000000000000000000e+00	
-3.01056835312683724624e+04	-1.78479210841562598944e+06	-3.16585627312919677934e+04	 1.92956673802865669131e+05	-1.37012129885102012850e+02	-1.02905674467932039988e+04	 6.22860971438273671083e+05	 3.70016517425852953238e-15	 8.02897694615695485254e+01	 3.70016517425852953238e-15	 7.40033034851705906476e-15	0.00000000000000000000e+00	 9.99551077106200391427e+05	-4.93431961956503073452e-11	-4.93542984258965589106e-11	
 3.24952693187012046110e+04	-1.51960309592363890260e+06	-4.46335752387010143138e+04	 1.63152088236708077602e+05	 4.05669727363121467079e+02	-7.38800559019629145041e+03	 5.41997770077575696632e+05	-3.70076148545339655982e-15	0.00000000000000000000e+00	 6.61062229963191754223e+01	-7.40152297090679311964e-15	0.00000000000000000000e+00	-4.93431961956503073452e-11	 8.73936924796203034930e+05	 2.46700437855906784534e-11	
 1.56607481839432206471e+05	-1.45589038353006215766e+06	-7.87326027328403724823e+04	 1.58598243369153060485e+05	 1.49695732571465646288e+03	-4.04328880060390656581e+03	 5.05082968979805125855e+05	0.00000000000000000000e+00	0.00000000000000000000e+00	-3.70189989773450633948e-15	 6.03218614547242069079e+01	0.00000000000000000000e+00	-4.93542984258965589106e-11	 2.46700437855906784534e-11	 8.65433235505501390435e+05	
