#          Omega_b,                h,              n_s,           sigma8,       N_eff_camb,        m_nu_camb,     Omega_m_camb,          P_shot0,          P_shot1,          P_shot2,          P_shot3,      lnbsigma8_0,      lnbsigma8_1,      lnbsigma8_2,      lnbsigma8_3
 5.46549209730105753988e+06	 1.64900084245824348181e+06	-1.12643540319073037244e+06	-1.04524859739092207747e+05	 4.62164185498587467009e+04	 1.20725807757877235417e+05	-2.45696988083318900317e+06	-9.93482422486142269236e+01	-8.76632177984969018780e+01	-6.47377570939054862720e+01	-4.83526550454270989121e+01	-3.17973220785075391177e+05	-2.51799111852537171217e+05	-1.32463379554047307465e+05	 3.35646087699024938047e+04	
 1.64900084245824348181e+06	 1.79403289743065014482e+07	-4.19731734977136657108e+05	-2.09099365182708855718e+06	 1.38971118955916081177e+04	 1.46265350734483101405e+05	-5.51997579390099085867e+06	-3.14658184547866198955e+02	-2.80513806918307068372e+02	-2.13270158231564096241e+02	-1.73943708019111340946e+02	-2.36149149094045488164e+06	-2.26786849831874296069e+06	-1.87774281020333897322e+06	-1.72172780124242138118e+06	
-1.12643540319073037244e+06	-4.19731734977136657108e+05	 3.28023709422517626081e+05	-1.79600596476702776272e+01	-1.00677164551623081934e+04	-3.21141004649083479308e+04	 5.77429514863574877381e+05	 2.75670144944966111211e+01	 2.41584287228175540463e+01	 1.75988958557034784747e+01	 1.27144560717721724075e+01	 5.91081232813291208004e+04	 3.97304299649534223136e+04	 9.21953855273453882546e+03	-3.79188949003784946399e+04	
-1.04524859739092207747e+05	-2.09099365182708855718e+06	-1.79600596476702776272e+01	 3.23123153741764370352e+05	-9.19592716582543971526e+02	-1.28979194655549254094e+04	 4.04474258084265748039e+05	 3.01592528765684164682e+01	 2.63920914009559410829e+01	 1.98241129607994501782e+01	 1.62234665099517556541e+01	 2.40246929316522902809e+05	 2.28112286767324840184e+05	 1.88710550189798581414e+05	 1.77343947230684454553e+05	
 4.62164185498587467009e+04	 1.38971118955916081177e+04	-1.00677164551623081934e+04	-9.19592716582543971526e+02	 4.23472549348394352364e+02	 1.04304308253530234651e+03	-2.08941864234692839091e+04	-8.86693307669431995954e-01	-7.79579667471588910743e-01	-5.73481114631304578211e-01	-4.26008453033660527964e-01	-2.79965396155355256269e+03	-2.19776433423820617463e+03	-1.13383917430629844603e+03	 3.42131199712610509778e+02	
 1.20725807757877235417e+05	 1.46265350734483101405e+05	-3.21141004649083479308e+04	-1.28979194655549254094e+04	 1.04304308253530234651e+03	 4.19080228495038954861e+03	-9.23260507250729715452e+04	-4.00108220022319649445e+00	-3.54273275346655847073e+00	-2.65358737797684662851e+00	-2.07139300988561148031e+00	-1.99131618579721762217e+04	-1.79343990574748277140e+04	-1.31017742732527876797e+04	-8.33228774018905642151e+03	
-2.45696988083318900317e+06	-5.51997579390099085867e+06	 5.77429514863574877381e+05	 4.04474258084265748039e+05	-2.08941864234692839091e+04	-9.23260507250729715452e+04	 3.31595252020263252780e+06	 1.27272295374452113492e+02	 1.19364579451830422840e+02	 9.51538268932817743462e+01	 8.11178450729953226528e+01	 8.79115838882761308923e+05	 8.77957887029886478558e+05	 7.39306569899418740533e+05	 6.58735252075674012303e+05	
-9.93482422486142269236e+01	-3.14658184547866198955e+02	 2.75670144944966111211e+01	 3.01592528765684164682e+01	-8.86693307669431995954e-01	-4.00108220022319649445e+00	 1.27272295374452113492e+02	 2.44496460461233536265e-02	-1.10961316090313344418e-18	0.00000000000000000000e+00	0.00000000000000000000e+00	 1.42756684608349445398e+02	 7.40141455068954456920e-15	 7.40206507199303587186e-15	 7.40033034851705906476e-15	
-8.76632177984969018780e+01	-2.80513806918307068372e+02	 2.41584287228175540463e+01	 2.63920914009559410829e+01	-7.79579667471588910743e-01	-3.54273275346655847073e+00	 1.19364579451830422840e+02	-1.10961316090313344418e-18	 2.13203855579925972974e-02	 5.54806580451566722090e-19	0.00000000000000000000e+00	 7.40206507199303587186e-15	 1.32051107792888501535e+02	 7.40206507199303587186e-15	0.00000000000000000000e+00	
-6.47377570939054862720e+01	-2.13270158231564096241e+02	 1.75988958557034784747e+01	 1.98241129607994501782e+01	-5.73481114631304578211e-01	-2.65358737797684662851e+00	 9.51538268932817743462e+01	0.00000000000000000000e+00	 5.54806580451566722090e-19	 1.58622687666727033018e-02	-5.55653613398821022429e-19	-7.40206507199303587186e-15	0.00000000000000000000e+00	 1.04411562577461410228e+02	 3.69843045078255272529e-15	
-4.83526550454270989121e+01	-1.73943708019111340946e+02	 1.27144560717721724075e+01	 1.62234665099517556541e+01	-4.26008453033660527964e-01	-2.07139300988561148031e+00	 8.11178450729953226528e+01	0.00000000000000000000e+00	0.00000000000000000000e+00	-5.55653613398821022429e-19	 1.26899629368308793087e-02	-7.40206507199303587186e-15	0.00000000000000000000e+00	0.00000000000000000000e+00	 8.94041339654188504937e+01	
-3.17973220785075391177e+05	-2.36149149094045488164e+06	 5.91081232813291208004e+04	 2.40246929316522902809e+05	-2.79965396155355256269e+03	-1.99131618579721762217e+04	 8.79115838882761308923e+05	 1.42756684608349445398e+02	 7.40206507199303587186e-15	-7.40206507199303587186e-15	-7.40206507199303587186e-15	 1.24773078730321885087e+06	0.00000000000000000000e+00	-4.93400875711813569069e-11	0.00000000000000000000e+00	
-2.51799111852537171217e+05	-2.26786849831874296069e+06	 3.97304299649534223136e+04	 2.28112286767324840184e+05	-2.19776433423820617463e+03	-1.79343990574748277140e+04	 8.77957887029886478558e+05	 7.40141455068954456920e-15	 1.32051107792888501535e+02	0.00000000000000000000e+00	0.00000000000000000000e+00	0.00000000000000000000e+00	 1.23107007616473501548e+06	0.00000000000000000000e+00	 4.93400875711813569069e-11	
-1.32463379554047307465e+05	-1.87774281020333897322e+06	 9.21953855273453882546e+03	 1.88710550189798581414e+05	-1.13383917430629844603e+03	-1.31017742732527876797e+04	 7.39306569899418740533e+05	 7.40206507199303587186e-15	 7.40206507199303587186e-15	 1.04411562577461410228e+02	0.00000000000000000000e+00	-4.93400875711813569069e-11	0.00000000000000000000e+00	 1.04959101566768949851e+06	0.00000000000000000000e+00	
 3.35646087699024938047e+04	-1.72172780124242138118e+06	-3.79188949003784946399e+04	 1.77343947230684454553e+05	 3.42131199712610509778e+02	-8.33228774018905642151e+03	 6.58735252075674012303e+05	 7.40033034851705906476e-15	0.00000000000000000000e+00	 3.69843045078255272529e-15	 8.94041339654188504937e+01	0.00000000000000000000e+00	 4.93400875711813569069e-11	0.00000000000000000000e+00	 9.99323106426954152994e+05	
