#           wa_fld,           w0_fld,          Omega_b,                h,              n_s,           sigma8,     Omega_m_camb,           bias_1,           bias_2,           bias_3,           bias_4,           bias_5,           bias_6,           bias_7,           bias_8,           bias_9,          bias_10,              aIA,            etaIA
 1.28405450291950997780e+05	 6.01092384119291207753e+05	-1.43134133757498161867e+06	 3.68958439179670007434e+05	 5.25589259468440432101e+05	 2.89174086795921484008e+06	 6.55898852382015436888e+05	 1.89917623245866707293e+05	 1.70775102467355434783e+05	 1.46188686512089945609e+05	 1.43578042549848614726e+05	 1.34012881453045556555e+05	 1.32602919468965032138e+05	 1.12392185218323589652e+05	 1.21469733645745262038e+05	 1.06608965678075532196e+05	 6.92848714216288935859e+04	 3.66902625174775153027e+02	 5.49375910789039153315e+02	
 6.01092384119291207753e+05	 2.89089124043178325519e+06	-6.68135926951090805233e+06	 1.72361775806929660030e+06	 2.47958824858704395592e+06	 1.38764879661206454039e+07	 2.58639595714478753507e+06	 1.18094365487365191802e+06	 9.74348958990961080417e+05	 7.76116771684535429813e+05	 7.19696590768401278183e+05	 6.37416201724256156012e+05	 6.00973361636391957290e+05	 4.87489135181529505644e+05	 5.04577268104371731170e+05	 4.22236881970254180487e+05	 2.59704755601868382655e+05	 1.06088703022487652561e+03	 1.45927107510306859695e+03	
-1.43134133757498161867e+06	-6.68135926951090805233e+06	 2.21358376270526647568e+07	-5.64241819336863234639e+06	-8.04959954984557069838e+06	-3.77287321516463533044e+07	-1.46959236706003434956e+07	-2.52053982383898366243e+06	-1.93071295034498721361e+06	-1.58716226333755953237e+06	-1.55438484738803002983e+06	-1.47351688537440216169e+06	-1.48592174786124099046e+06	-1.28241999428710294887e+06	-1.40208606461987621151e+06	-1.21740327247095806524e+06	-7.15452091874830890447e+05	 1.82261988985623247572e+02	-5.29247428471239572900e+02	
 3.68958439179670007434e+05	 1.72361775806929660030e+06	-5.64241819336863234639e+06	 1.45216157272550999187e+06	 2.09370982531781517901e+06	 9.76820249634493142366e+06	 3.80177963514106348157e+06	 6.74829790608605369925e+05	 5.01954155836039804853e+05	 4.08304624728814291302e+05	 3.98042278993416693993e+05	 3.76726223949337785598e+05	 3.79798713290724554099e+05	 3.27912395018657378387e+05	 3.58514939712063409388e+05	 3.10695252908464986831e+05	 1.81109311467309365980e+05	-4.95926108317470735187e+01	 1.48806542899231345700e+02	
 5.25589259468440432101e+05	 2.47958824858704395592e+06	-8.04959954984557069838e+06	 2.09370982531781517901e+06	 3.09938732559909671545e+06	 1.42838486714994106442e+07	 5.50810590761843323708e+06	 1.15171949620997533202e+06	 7.97136009305749787018e+05	 6.16722204991246107966e+05	 5.78021829822513624094e+05	 5.29454116047585615888e+05	 5.19000963391232769936e+05	 4.37707341445797239430e+05	 4.68137385458997217938e+05	 3.95271177078479318880e+05	 2.22270694969581381883e+05	-3.03062414986872227018e+02	-8.47204363372123907538e+01	
 2.89174086795921484008e+06	 1.38764879661206454039e+07	-3.77287321516463533044e+07	 9.76820249634493142366e+06	 1.42838486714994106442e+07	 7.87789721032943427563e+07	 2.54846213120926432312e+07	 5.91325502515329234302e+06	 5.03896812121647223830e+06	 3.98756439261249732226e+06	 3.65024938506947411224e+06	 3.19417878722265921533e+06	 2.97014056217450555414e+06	 2.37877776936294417828e+06	 2.43175685499751940370e+06	 2.00666018250527651981e+06	 1.21108267216756008565e+06	 4.06014301134846391506e+02	 1.85633964753023315097e+03	
 6.55898852382015436888e+05	 2.58639595714478753507e+06	-1.46959236706003434956e+07	 3.80177963514106348157e+06	 5.50810590761843323708e+06	 2.54846213120926432312e+07	 2.10021844944233857095e+07	-8.89498124627858749591e+05	 3.16303953193108201958e+05	 6.02893487696263007820e+05	 7.64910143099534558132e+05	 8.42097416963872499764e+05	 9.25243138209956930950e+05	 8.44345320748676429503e+05	 9.63095021529616555199e+05	 8.71176644663989660330e+05	 5.44019264343420974910e+05	 1.72050425188431327115e+04	 3.01128839708361265366e+04	
 1.89917623245866707293e+05	 1.18094365487365191802e+06	-2.52053982383898366243e+06	 6.74829790608605369925e+05	 1.15171949620997533202e+06	 5.91325502515329234302e+06	-8.89498124627858749591e+05	 3.58855459143770672381e+06	 3.64304604161300405394e+05	 7.70025818029406218557e+03	 2.92487750956625586696e+03	 5.27000493761756274580e+02	 1.55594103003519734330e+02	 6.64456285910840733777e+01	 3.12335748084516815481e+01	 2.93071000603664799655e+00	 4.81571030210541550787e+00	 8.33493273297816728018e+01	 4.80425570557652008574e+01	
 1.70775102467355434783e+05	 9.74348958990961080417e+05	-1.93071295034498721361e+06	 5.01954155836039804853e+05	 7.97136009305749787018e+05	 5.03896812121647223830e+06	 3.16303953193108201958e+05	 3.64304604161300405394e+05	 1.89223717093311110511e+06	 3.56704079351745313033e+05	 9.51474447291820615646e+03	 2.33132497552308632294e+03	 3.66589787485886517970e+02	 3.27798807098333142562e+01	 1.23902127612557428904e+01	 1.71863261999838812244e+00	 1.77213152449039057501e+00	-2.82263741832304191348e+01	-2.89442115736746359289e+01	
 1.46188686512089945609e+05	 7.76116771684535429813e+05	-1.58716226333755953237e+06	 4.08304624728814291302e+05	 6.16722204991246107966e+05	 3.98756439261249732226e+06	 6.02893487696263007820e+05	 7.70025818029406218557e+03	 3.56704079351745313033e+05	 1.15020792140792147256e+06	 3.41188476519195013680e+05	 8.96081573954028499429e+03	 2.02712918580934501733e+03	 2.73728128227361821700e+02	 2.98616564624904334835e+01	 6.12105652001034528098e+00	 7.70764611143697209172e-01	 2.14313827015928737296e+01	 2.08853387669369112700e+01	
 1.43578042549848614726e+05	 7.19696590768401278183e+05	-1.55438484738803002983e+06	 3.98042278993416693993e+05	 5.78021829822513624094e+05	 3.65024938506947411224e+06	 7.64910143099534558132e+05	 2.92487750956625586696e+03	 9.51474447291820615646e+03	 3.41188476519195013680e+05	 9.40676396282507339492e+05	 3.01393866906971496064e+05	 1.08272851728247114806e+04	 1.78076488966268880176e+03	 2.35619043773154601240e+02	 1.74144619800360835882e+01	 4.84875168026231406770e+00	 6.14233849233939643852e+00	 5.37839554224029825491e+00	
 1.34012881453045556555e+05	 6.37416201724256156012e+05	-1.47351688537440216169e+06	 3.76726223949337785598e+05	 5.29454116047585615888e+05	 3.19417878722265921533e+06	 8.42097416963872499764e+05	 5.27000493761756274580e+02	 2.33132497552308632294e+03	 8.96081573954028499429e+03	 3.01393866906971496064e+05	 7.56884058559170458466e+05	 2.67084214600207866170e+05	 8.54530254280227927666e+03	 1.63531651339529344114e+03	 1.29434744826997928158e+02	 1.07615308878196636044e+01	-6.58919949759865630767e+00	-1.79522996354796759988e+00	
 1.32602919468965032138e+05	 6.00973361636391957290e+05	-1.48592174786124099046e+06	 3.79798713290724554099e+05	 5.19000963391232769936e+05	 2.97014056217450555414e+06	 9.25243138209956930950e+05	 1.55594103003519734330e+02	 3.66589787485886517970e+02	 2.02712918580934501733e+03	 1.08272851728247114806e+04	 2.67084214600207866170e+05	 6.94622402586415177211e+05	 2.29878802638398250565e+05	 1.18185089613308045955e+04	 1.00548115499041796284e+03	 7.25826191527580419915e+01	 3.72722842141833652363e+01	 3.93945254206768993299e+01	
 1.12392185218323589652e+05	 4.87489135181529505644e+05	-1.28241999428710294887e+06	 3.27912395018657378387e+05	 4.37707341445797239430e+05	 2.37877776936294417828e+06	 8.44345320748676429503e+05	 6.64456285910840733777e+01	 3.27798807098333142562e+01	 2.73728128227361821700e+02	 1.78076488966268880176e+03	 8.54530254280227927666e+03	 2.29878802638398250565e+05	 5.15071176943208381999e+05	 1.95365845243060786743e+05	 4.88701569757592187671e+03	 3.69209857122312087085e+02	 3.92470735792944083187e+01	 4.66454166036627952963e+01	
 1.21469733645745262038e+05	 5.04577268104371731170e+05	-1.40208606461987621151e+06	 3.58514939712063409388e+05	 4.68137385458997217938e+05	 2.43175685499751940370e+06	 9.63095021529616555199e+05	 3.12335748084516815481e+01	 1.23902127612557428904e+01	 2.98616564624904334835e+01	 2.35619043773154601240e+02	 1.63531651339529344114e+03	 1.18185089613308045955e+04	 1.95365845243060786743e+05	 6.04657203900266555138e+05	 1.48771496256692626048e+05	 2.72548425201258760353e+03	 5.55749422923189229095e+01	 8.32139900216772900876e+01	
 1.06608965678075532196e+05	 4.22236881970254180487e+05	-1.21740327247095806524e+06	 3.10695252908464986831e+05	 3.95271177078479318880e+05	 2.00666018250527651981e+06	 8.71176644663989660330e+05	 2.93071000603664799655e+00	 1.71863261999838812244e+00	 6.12105652001034528098e+00	 1.74144619800360835882e+01	 1.29434744826997928158e+02	 1.00548115499041796284e+03	 4.88701569757592187671e+03	 1.48771496256692626048e+05	 5.62195259083355427720e+05	 7.39823488860223151278e+04	-4.52112914976670907663e+01	-9.02859928069966883868e+01	
 6.92848714216288935859e+04	 2.59704755601868382655e+05	-7.15452091874830890447e+05	 1.81109311467309365980e+05	 2.22270694969581381883e+05	 1.21108267216756008565e+06	 5.44019264343420974910e+05	 4.81571030210541550787e+00	 1.77213152449039057501e+00	 7.70764611143697209172e-01	 4.84875168026231406770e+00	 1.07615308878196636044e+01	 7.25826191527580419915e+01	 3.69209857122312087085e+02	 2.72548425201258760353e+03	 7.39823488860223151278e+04	 3.91197617168207361829e+05	-2.53487064045870624795e+02	-4.43382524993563777116e+02	
 3.66902625174775153027e+02	 1.06088703022487652561e+03	 1.82261988985623247572e+02	-4.95926108317470735187e+01	-3.03062414986872227018e+02	 4.06014301134846391506e+02	 1.72050425188431327115e+04	 8.33493273297816728018e+01	-2.82263741832304191348e+01	 2.14313827015928737296e+01	 6.14233849233939643852e+00	-6.58919949759865630767e+00	 3.72722842141833652363e+01	 3.92470735792944083187e+01	 5.55749422923189229095e+01	-4.52112914976670907663e+01	-2.53487064045870624795e+02	 3.46381320731283540226e+03	 5.54220943213310602005e+03	
 5.49375910789039153315e+02	 1.45927107510306859695e+03	-5.29247428471239572900e+02	 1.48806542899231345700e+02	-8.47204363372123907538e+01	 1.85633964753023315097e+03	 3.01128839708361265366e+04	 4.80425570557652008574e+01	-2.89442115736746359289e+01	 2.08853387669369112700e+01	 5.37839554224029825491e+00	-1.79522996354796759988e+00	 3.93945254206768993299e+01	 4.66454166036627952963e+01	 8.32139900216772900876e+01	-9.02859928069966883868e+01	-4.43382524993563777116e+02	 5.54220943213310602005e+03	 9.05495158511567024107e+03	
