#           w0_fld,          Omega_b,                h,              n_s,           sigma8,        m_nu_camb,     Omega_m_camb,           bias_1,           bias_2,           bias_3,           bias_4,           bias_5,           bias_6,           bias_7,           bias_8,           bias_9,          bias_10,              aIA,            etaIA
 2.95036444860763475299e+06	-6.86221875059338472784e+06	 1.61732260439327033237e+06	 2.52410164481805264950e+06	 1.41132868827261254191e+07	 9.17929771243959199637e+05	 2.54517781497217062861e+06	 1.18584349371057562530e+06	 9.80064162755840108730e+05	 7.81952268960951594636e+05	 7.25632963693212950602e+05	 6.42927355846227845177e+05	 6.06207318022669758648e+05	 4.91581777614320279099e+05	 5.08438708687122678384e+05	 4.25134249199316836894e+05	 2.61430416910574276699e+05	 1.06372153401669879713e+03	 1.45998587431740929787e+03	
-6.86221875059338472784e+06	 2.27684812946310862899e+07	-5.40623364201164431870e+06	-8.19663844685113430023e+06	-3.84749912202723622322e+07	-2.21507562791456934065e+06	-1.47171524893450737000e+07	-2.56900397220840910450e+06	-1.96248553676308877766e+06	-1.61612689073489420116e+06	-1.58132330872642854229e+06	-1.49720181838547089137e+06	-1.50721791055124113336e+06	-1.29743654466470889747e+06	-1.41333733841386437416e+06	-1.22247154818924702704e+06	-7.15320645397422369570e+05	 2.04828062353857035305e+02	-4.53590570500023375189e+02	
 1.61732260439327033237e+06	-5.40623364201164431870e+06	 1.29857195356551674195e+06	 1.98685482860858808272e+06	 9.18090920098052732646e+06	 5.24760572119140182622e+05	 3.61579554231438552961e+06	 6.14911343429060885683e+05	 4.57613233277928491589e+05	 3.75971256794407498091e+05	 3.68904282146603916772e+05	 3.51047818080426310189e+05	 3.55119987419056356885e+05	 3.06930082804803620093e+05	 3.35107072214628336951e+05	 2.89365896796427085064e+05	 1.66866152397660480347e+05	-5.45386786005073531669e+01	 1.29458146609634127344e+02	
 2.52410164481805264950e+06	-8.19663844685113430023e+06	 1.98685482860858808272e+06	 3.12372867286690697074e+06	 1.44311864227593690157e+07	 8.25247368158292956650e+05	 5.45308472726718336344e+06	 1.16044702411158708856e+06	 8.01140310235816985369e+05	 6.21807463150414521806e+05	 5.82809982931519392878e+05	 5.33568342752866446972e+05	 5.22375416373208805453e+05	 4.39335266471497889142e+05	 4.67758081202380300965e+05	 3.93259469595159695018e+05	 2.20322758511108986568e+05	-2.97294626470287198572e+02	-9.82212065601872552634e+01	
 1.41132868827261254191e+07	-3.84749912202723622322e+07	 9.18090920098052732646e+06	 1.44311864227593690157e+07	 7.95916053882979154587e+07	 4.69560697658359259367e+06	 2.51615565259303152561e+07	 5.97083624482719507068e+06	 5.06727023644609935582e+06	 4.00829966331045841798e+06	 3.66534130198596697301e+06	 3.20435669731547590345e+06	 2.97677924144448060542e+06	 2.38120087585616018623e+06	 2.43032106384339462966e+06	 2.00240222877932828851e+06	 1.20749862202255963348e+06	 3.40571934844973043255e+02	 1.69231241434665002998e+03	
 9.17929771243959199637e+05	-2.21507562791456934065e+06	 5.24760572119140182622e+05	 8.25247368158292956650e+05	 4.69560697658359259367e+06	 2.95078206000498263165e+05	 1.05203686545287375338e+06	 3.99431103875075408723e+05	 3.21254345980328740552e+05	 2.50360856855126447044e+05	 2.28091864459323172923e+05	 1.99131277794267487479e+05	 1.85671350895715440856e+05	 1.49659784755759581458e+05	 1.54836827801511157304e+05	 1.30950690889262303244e+05	 8.37553216615593701135e+04	-9.27657893601277407924e+01	-1.68866060390540155822e+02	
 2.54517781497217062861e+06	-1.47171524893450737000e+07	 3.61579554231438552961e+06	 5.45308472726718336344e+06	 2.51615565259303152561e+07	 1.05203686545287375338e+06	 2.09796832292344160378e+07	-9.10137934892966412008e+05	 2.86558543632093700580e+05	 5.82225923880785470828e+05	 7.46592534337396849878e+05	 8.26477195904389955103e+05	 9.10457401824373751879e+05	 8.31237321402281755581e+05	 9.46972183370178798214e+05	 8.54964653537882375531e+05	 5.31919643148062052205e+05	 1.63272820751045073848e+04	 2.86488384781109489268e+04	
 1.18584349371057562530e+06	-2.56900397220840910450e+06	 6.14911343429060885683e+05	 1.16044702411158708856e+06	 5.97083624482719507068e+06	 3.99431103875075408723e+05	-9.10137934892966412008e+05	 3.56538944355296809226e+06	 3.61316943188581848517e+05	 7.76919572691274879617e+03	 2.87602783987248039921e+03	 5.09507064472774743535e+02	 1.49600631173900808335e+02	 6.34354294119045647449e+01	 3.04447436038800276492e+01	 3.20324396266590838422e+00	 4.52125954302268340257e+00	 8.14876991449697385406e+01	 4.73626564993949727977e+01	
 9.80064162755840108730e+05	-1.96248553676308877766e+06	 4.57613233277928491589e+05	 8.01140310235816985369e+05	 5.06727023644609935582e+06	 3.21254345980328740552e+05	 2.86558543632093700580e+05	 3.61316943188581848517e+05	 1.87999837602823856287e+06	 3.55081260196168441325e+05	 9.62165274338314520719e+03	 2.30753695541927800150e+03	 3.58436256688694584227e+02	 3.31283897484207869866e+01	 1.17947705196531664740e+01	 1.63402265599247797923e+00	 1.54232660104124263967e+00	-2.40486172637356681037e+01	-2.54248599444490821497e+01	
 7.81952268960951594636e+05	-1.61612689073489420116e+06	 3.75971256794407498091e+05	 6.21807463150414521806e+05	 4.00829966331045841798e+06	 2.50360856855126447044e+05	 5.82225923880785470828e+05	 7.76919572691274879617e+03	 3.55081260196168441325e+05	 1.14274275694535323419e+06	 3.39553744580007391050e+05	 9.01190299729674006812e+03	 2.01996386101152620540e+03	 2.67638108835325397195e+02	 2.99614556510761005370e+01	 5.86712223958909717680e+00	 7.73810662607630206367e-01	 2.62466158500507731333e+01	 2.49479488564417977159e+01	
 7.25632963693212950602e+05	-1.58132330872642854229e+06	 3.68904282146603916772e+05	 5.82809982931519392878e+05	 3.66534130198596697301e+06	 2.28091864459323172923e+05	 7.46592534337396849878e+05	 2.87602783987248039921e+03	 9.62165274338314520719e+03	 3.39553744580007391050e+05	 9.34825377260577282868e+05	 2.99992802639659959823e+05	 1.08609814324723192840e+04	 1.77134632769368181471e+03	 2.32152020244298114449e+02	 1.74973431713835978485e+01	 4.70285313659941373032e+00	 1.37454158837046271913e+01	 1.26711020257632469566e+01	
 6.42927355846227845177e+05	-1.49720181838547089137e+06	 3.51047818080426310189e+05	 5.33568342752866446972e+05	 3.20435669731547590345e+06	 1.99131277794267487479e+05	 8.26477195904389955103e+05	 5.09507064472774743535e+02	 2.30753695541927800150e+03	 9.01190299729674006812e+03	 2.99992802639659959823e+05	 7.52282168494840967469e+05	 2.65860036675823619589e+05	 8.56216514688487222884e+03	 1.62309145441704959012e+03	 1.27676546408373241093e+02	 1.05671889799262697096e+01	 3.34933283305837659061e-01	 5.28812177868306321216e+00	
 6.06207318022669758648e+05	-1.50721791055124113336e+06	 3.55119987419056356885e+05	 5.22375416373208805453e+05	 2.97677924144448060542e+06	 1.85671350895715440856e+05	 9.10457401824373751879e+05	 1.49600631173900808335e+02	 3.58436256688694584227e+02	 2.01996386101152620540e+03	 1.08609814324723192840e+04	 2.65860036675823619589e+05	 6.90392761449266923591e+05	 2.28783561175747308880e+05	 1.18142260259199902066e+04	 9.96980700474486297935e+02	 7.15882631930285668886e+01	 4.11512316522088212878e+01	 4.41032693175648802253e+01	
 4.91581777614320279099e+05	-1.29743654466470889747e+06	 3.06930082804803620093e+05	 4.39335266471497889142e+05	 2.38120087585616018623e+06	 1.49659784755759581458e+05	 8.31237321402281755581e+05	 6.34354294119045647449e+01	 3.31283897484207869866e+01	 2.67638108835325397195e+02	 1.77134632769368181471e+03	 8.56216514688487222884e+03	 2.28783561175747308880e+05	 5.11831528340797405690e+05	 1.94419018001164542511e+05	 4.87193648357679376204e+03	 3.65532920787918726546e+02	 4.24874533262925240251e+01	 5.09837802768967947031e+01	
 5.08438708687122678384e+05	-1.41333733841386437416e+06	 3.35107072214628336951e+05	 4.67758081202380300965e+05	 2.43032106384339462966e+06	 1.54836827801511157304e+05	 9.46972183370178798214e+05	 3.04447436038800276492e+01	 1.17947705196531664740e+01	 2.99614556510761005370e+01	 2.32152020244298114449e+02	 1.62309145441704959012e+03	 1.18142260259199902066e+04	 1.94419018001164542511e+05	 6.00708834317912929691e+05	 1.47999075795004493557e+05	 2.71094759263723881304e+03	 6.03275562414245385412e+01	 8.96853227607736016580e+01	
 4.25134249199316836894e+05	-1.22247154818924702704e+06	 2.89365896796427085064e+05	 3.93259469595159695018e+05	 2.00240222877932828851e+06	 1.30950690889262303244e+05	 8.54964653537882375531e+05	 3.20324396266590838422e+00	 1.63402265599247797923e+00	 5.86712223958909717680e+00	 1.74973431713835978485e+01	 1.27676546408373241093e+02	 9.96980700474486297935e+02	 4.87193648357679376204e+03	 1.47999075795004493557e+05	 5.58256548097650054842e+05	 7.35123856041587132495e+04	-3.16340872671097059765e+01	-6.81612049666751147470e+01	
 2.61430416910574276699e+05	-7.15320645397422369570e+05	 1.66866152397660480347e+05	 2.20322758511108986568e+05	 1.20749862202255963348e+06	 8.37553216615593701135e+04	 5.31919643148062052205e+05	 4.52125954302268340257e+00	 1.54232660104124263967e+00	 7.73810662607630206367e-01	 4.70285313659941373032e+00	 1.05671889799262697096e+01	 7.15882631930285668886e+01	 3.65532920787918726546e+02	 2.71094759263723881304e+03	 7.35123856041587132495e+04	 3.88221570449283462949e+05	-2.26820636669148711917e+02	-3.96473447133495596972e+02	
 1.06372153401669879713e+03	 2.04828062353857035305e+02	-5.45386786005073531669e+01	-2.97294626470287198572e+02	 3.40571934844973043255e+02	-9.27657893601277407924e+01	 1.63272820751045073848e+04	 8.14876991449697385406e+01	-2.40486172637356681037e+01	 2.62466158500507731333e+01	 1.37454158837046271913e+01	 3.34933283305837659061e-01	 4.11512316522088212878e+01	 4.24874533262925240251e+01	 6.03275562414245385412e+01	-3.16340872671097059765e+01	-2.26820636669148711917e+02	 3.26598131046859498383e+03	 5.22480989051010692492e+03	
 1.45998587431740929787e+03	-4.53590570500023375189e+02	 1.29458146609634127344e+02	-9.82212065601872552634e+01	 1.69231241434665002998e+03	-1.68866060390540155822e+02	 2.86488384781109489268e+04	 4.73626564993949727977e+01	-2.54248599444490821497e+01	 2.49479488564417977159e+01	 1.26711020257632469566e+01	 5.28812177868306321216e+00	 4.41032693175648802253e+01	 5.09837802768967947031e+01	 8.96853227607736016580e+01	-6.81612049666751147470e+01	-3.96473447133495596972e+02	 5.22480989051010692492e+03	 8.53553033813707588706e+03	
