#           w0_fld,           wa_fld,          Omega_b,                h,              n_s,           sigma8,     Omega_m_camb,           bias_1,           bias_2,           bias_3,           bias_4,           bias_5,           bias_6,           bias_7,           bias_8,           bias_9,          bias_10,              aIA,            etaIA
 3.14350674618223099969e+05	 6.53884612285785697168e+04	-5.55597090998071507784e+04	-1.09623603878358881047e+04	-3.63857862456595321419e+04	 9.83924286241167224944e+05	-4.79233800471835071221e+05	 1.54828729711619467707e+05	 1.05073645094685474760e+05	 8.24164849079181440175e+04	 7.33677798686926253140e+04	 6.37579427581720738090e+04	 6.07925856570807227399e+04	 5.12208592675859763403e+04	 5.81673313598731474485e+04	 5.85929722053920268081e+04	 5.15329025217035232345e+04	 8.21591189005833086867e+01	 1.62789652283686109513e+02	
 6.53884612285785697168e+04	 1.43196904012342474743e+04	-7.91036669204342615558e+03	-3.26511425636822878005e+03	-9.01174506129153087386e+03	 2.09746496632488386240e+05	-7.57874235209225735161e+04	 2.02968336819037576788e+04	 1.74946739868525910424e+04	 1.56027678777504206664e+04	 1.50384927217897784431e+04	 1.39088591687124499003e+04	 1.39350850859105921700e+04	 1.22160864217251255468e+04	 1.43880228926729760133e+04	 1.50604972024203379988e+04	 1.38423474602261849213e+04	 6.75494580066681749031e+01	 1.23262806945731284713e+02	
-5.55597090998071507784e+04	-7.91036669204342615558e+03	 2.56692868019267031923e+06	-5.18681114979048259556e+05	-5.45852651864284416661e+05	-1.24089671548298257403e+06	-1.79458074152889219113e+06	-9.87857159298000624403e+04	-9.47043259741462243255e+04	-6.93382900363206281327e+04	-5.75360321558529394679e+04	-4.32027506079739541747e+04	-3.19449783640484565694e+04	-1.60450079412033555855e+04	-3.40854410652755905176e+03	 1.53535689501571287110e+04	 4.87894186353356199106e+04	 6.51817340801715999987e+02	 7.79037971663377675213e+02	
-1.09623603878358881047e+04	-3.26511425636822878005e+03	-5.18681114979048259556e+05	 1.14352234946061857045e+05	 1.28462112884090631269e+05	 2.07653730708524934016e+05	 4.26906728735287440941e+05	 1.46792764808939373324e+04	 1.60716784775832165906e+04	 1.09531882343047909671e+04	 8.28465218889847164974e+03	 5.19044423374432517448e+03	 2.31799275874599879899e+03	-8.83729684071978113025e+02	-4.74835587635239062365e+03	-1.00061972743842015916e+04	-1.64435668784897570731e+04	-1.41403060133730178904e+02	-1.58472091703452122147e+02	
-3.63857862456595321419e+04	-9.01174506129153087386e+03	-5.45852651864284416661e+05	 1.28462112884090631269e+05	 1.56255017952260677703e+05	 1.82786703561697970144e+05	 5.22452622638484113850e+05	 2.30940797365788857860e+04	 1.56003202968528330530e+04	 7.20250661173951812088e+03	 2.89997451216040553845e+03	-9.99058666798620151894e+02	-4.87029437636075272167e+03	-7.74541671394962577324e+03	-1.33854019239963345171e+04	-1.91983597242075302347e+04	-2.41555215076290842262e+04	-2.83924091770204142904e+02	-3.30040777713917123037e+02	
 9.83924286241167224944e+05	 2.09746496632488386240e+05	-1.24089671548298257403e+06	 2.07653730708524934016e+05	 1.82786703561697970144e+05	 7.09314111533393431455e+06	 2.64695822756453882903e+06	 5.43762956720115384087e+05	 4.11864026245815563016e+05	 3.10232685191787197255e+05	 2.81106245746627508197e+05	 2.50706200138038839214e+05	 2.44909086225785780698e+05	 2.11209948848562955391e+05	 2.43459257710714126006e+05	 2.46298110940699407365e+05	 2.15308906224004866090e+05	-9.00933446353498652570e+02	-5.46925062763877008365e+02	
-4.79233800471835071221e+05	-7.57874235209225735161e+04	-1.79458074152889219113e+06	 4.26906728735287440941e+05	 5.22452622638484113850e+05	 2.64695822756453882903e+06	 6.08021677932306285948e+06	-5.94801073855477618054e+05	-1.33632274047835584497e+05	-5.79646028738214954501e+04	-2.31769816723586773151e+04	-1.98519774043071811320e+03	 9.00241097066580550745e+03	 1.27895882019785494776e+04	 1.62843249854729729122e+04	 1.26936380561966616369e+04	-7.88897169140903201878e+02	 8.78035036787087665289e+03	 1.52975363040470056148e+04	
 1.54828729711619467707e+05	 2.02968336819037576788e+04	-9.87857159298000624403e+04	 1.46792764808939373324e+04	 2.30940797365788857860e+04	 5.43762956720115384087e+05	-5.94801073855477618054e+05	 4.92650084987395908684e+05	 4.23115669695181131829e+04	 4.92396320191387076193e+02	 6.29982663449504116215e+02	 1.29553894624845291617e+01	 4.20929457059211173942e+01	 4.79645106986712566055e+00	 3.57696142570109820724e+00	 3.06440284976616794665e-04	 1.25793748831161167345e+00	-5.07651056992284033242e+00	-2.55829498743767658198e+00	
 1.05073645094685474760e+05	 1.74946739868525910424e+04	-9.47043259741462243255e+04	 1.60716784775832165906e+04	 1.56003202968528330530e+04	 4.11864026245815563016e+05	-1.33632274047835584497e+05	 4.23115669695181131829e+04	 2.27965942930555058410e+05	 3.20894994709417806007e+04	 6.55422955273071607962e+01	 6.90608794936041704204e+02	-2.10551886885006993566e+01	 2.11823328480864958578e+01	 5.58060821351706870530e+00	 1.09830243859189380373e-01	 8.16401544488631003560e-01	-5.93588281685132841403e+01	-4.38527466282158542299e+01	
 8.24164849079181440175e+04	 1.56027678777504206664e+04	-6.93382900363206281327e+04	 1.09531882343047909671e+04	 7.20250661173951812088e+03	 3.10232685191787197255e+05	-5.79646028738214954501e+04	 4.92396320191387076193e+02	 3.20894994709417806007e+04	 1.51363435384027921828e+05	 3.28168212817664752947e+04	-1.46395862345672810534e+02	 5.54624362015546694238e+02	 1.32726254118955520056e+01	 4.36194977068411304799e+00	 5.16563476114036923548e+00	 3.79433354225788832537e-02	-6.54538973024345409613e+01	-5.38155574124513833567e+01	
 7.33677798686926253140e+04	 1.50384927217897784431e+04	-5.75360321558529394679e+04	 8.28465218889847164974e+03	 2.89997451216040553845e+03	 2.81106245746627508197e+05	-2.31769816723586773151e+04	 6.29982663449504116215e+02	 6.55422955273071607962e+01	 3.28168212817664752947e+04	 1.22250002945745509351e+05	 2.94858657146491095773e+04	 2.09402085846999085561e+02	 3.96711811245060459896e+02	 5.09553476166134657888e+01	 6.64325151856594864341e+00	 3.80003968921699097905e+00	-1.12544961302976446405e+02	-1.07655014820709752144e+02	
 6.37579427581720738090e+04	 1.39088591687124499003e+04	-4.32027506079739541747e+04	 5.19044423374432517448e+03	-9.99058666798620151894e+02	 2.50706200138038839214e+05	-1.98519774043071811320e+03	 1.29553894624845291617e+01	 6.90608794936041704204e+02	-1.46395862345672810534e+02	 2.94858657146491095773e+04	 9.90567185026951628970e+04	 2.66862040862339163141e+04	 4.40624500789189482930e+02	 3.43490660442517992124e+02	 5.69963722947355861947e+01	 7.55714464965706511634e+00	-7.61143343262952782879e+01	-7.64973490668112958701e+01	
 6.07925856570807227399e+04	 1.39350850859105921700e+04	-3.19449783640484565694e+04	 2.31799275874599879899e+03	-4.87029437636075272167e+03	 2.44909086225785780698e+05	 9.00241097066580550745e+03	 4.20929457059211173942e+01	-2.10551886885006993566e+01	 5.54624362015546694238e+02	 2.09402085846999085561e+02	 2.66862040862339163141e+04	 9.28414475336783652892e+04	 2.35614964056905955658e+04	 9.63947063034628286005e+02	 2.71056814765214198815e+02	 4.83720577364616346472e+01	-3.86720032648031164513e+01	-4.81082501913733437959e+01	
 5.12208592675859763403e+04	 1.22160864217251255468e+04	-1.60450079412033555855e+04	-8.83729684071978113025e+02	-7.74541671394962577324e+03	 2.11209948848562955391e+05	 1.27895882019785494776e+04	 4.79645106986712566055e+00	 2.11823328480864958578e+01	 1.32726254118955520056e+01	 3.96711811245060459896e+02	 4.40624500789189482930e+02	 2.35614964056905955658e+04	 7.38365339011088508414e+04	 1.96954404207757615950e+04	 6.90694018859684547351e+02	 1.13640161121610390182e+02	-2.84205875631265243442e+01	-3.88165357856687052163e+01	
 5.81673313598731474485e+04	 1.43880228926729760133e+04	-3.40854410652755905176e+03	-4.74835587635239062365e+03	-1.33854019239963345171e+04	 2.43459257710714126006e+05	 1.62843249854729729122e+04	 3.57696142570109820724e+00	 5.58060821351706870530e+00	 4.36194977068411304799e+00	 5.09553476166134657888e+01	 3.43490660442517992124e+02	 9.63947063034628286005e+02	 1.96954404207757615950e+04	 9.17660168863095168490e+04	 1.63113473524471119163e+04	 6.07867216222746151288e+02	-2.87985910575726222760e+01	-3.38121350616528602018e+01	
 5.85929722053920268081e+04	 1.50604972024203379988e+04	 1.53535689501571287110e+04	-1.00061972743842015916e+04	-1.91983597242075302347e+04	 2.46298110940699407365e+05	 1.26936380561966616369e+04	 3.06440284976616794665e-04	 1.09830243859189380373e-01	 5.16563476114036923548e+00	 6.64325151856594864341e+00	 5.69963722947355861947e+01	 2.71056814765214198815e+02	 6.90694018859684547351e+02	 1.63113473524471119163e+04	 9.50118987898339109961e+04	 1.11680753058541358769e+04	-1.32904203138770299120e+02	-2.28176559989950135332e+02	
 5.15329025217035232345e+04	 1.38423474602261849213e+04	 4.87894186353356199106e+04	-1.64435668784897570731e+04	-2.41555215076290842262e+04	 2.15308906224004866090e+05	-7.88897169140903201878e+02	 1.25793748831161167345e+00	 8.16401544488631003560e-01	 3.79433354225788832537e-02	 3.80003968921699097905e+00	 7.55714464965706511634e+00	 4.83720577364616346472e+01	 1.13640161121610390182e+02	 6.07867216222746151288e+02	 1.11680753058541358769e+04	 8.64694239312983845593e+04	-3.29529831207583470132e+02	-5.80119406437621478290e+02	
 8.21591189005833086867e+01	 6.75494580066681749031e+01	 6.51817340801715999987e+02	-1.41403060133730178904e+02	-2.83924091770204142904e+02	-9.00933446353498652570e+02	 8.78035036787087665289e+03	-5.07651056992284033242e+00	-5.93588281685132841403e+01	-6.54538973024345409613e+01	-1.12544961302976446405e+02	-7.61143343262952782879e+01	-3.86720032648031164513e+01	-2.84205875631265243442e+01	-2.87985910575726222760e+01	-1.32904203138770299120e+02	-3.29529831207583470132e+02	 1.71422449256731670175e+03	 2.78822266956296925855e+03	
 1.62789652283686109513e+02	 1.23262806945731284713e+02	 7.79037971663377675213e+02	-1.58472091703452122147e+02	-3.30040777713917123037e+02	-5.46925062763877008365e+02	 1.52975363040470056148e+04	-2.55829498743767658198e+00	-4.38527466282158542299e+01	-5.38155574124513833567e+01	-1.07655014820709752144e+02	-7.64973490668112958701e+01	-4.81082501913733437959e+01	-3.88165357856687052163e+01	-3.38121350616528602018e+01	-2.28176559989950135332e+02	-5.80119406437621478290e+02	 2.78822266956296925855e+03	 4.61565157182887378440e+03	
