#           w0_fld,           wa_fld,          Omega_b,                h,              n_s,           sigma8,     Omega_m_camb,          P_shot0,          P_shot1,          P_shot2,          P_shot3,      lnbsigma8_0,      lnbsigma8_1,      lnbsigma8_2,      lnbsigma8_3
 7.68415078995755902724e+04	 1.82285433678606568719e+04	 1.72349128858631120238e+04	-8.87851796912900172174e+05	-3.60992767869312810944e+04	 9.40527444934067607392e+04	 3.18691496781131718308e+05	 1.25453058952991653996e+01	 1.25039838033004500062e+01	 1.03842331444437547816e+01	 9.29520606312393837811e+00	 1.44764124989294941770e+05	 1.47812170172695565270e+05	 1.29218459466923173750e+05	 1.27434924350035493262e+05	
 1.82285433678606568719e+04	 4.77186826716820360161e+03	 7.59183268830333327060e+03	-1.74971159014560515061e+05	-9.11918184400342761364e+03	 1.38582749444889814185e+04	 8.05610255757819686551e+04	 2.39803993814624449854e+00	 2.64302355554668633175e+00	 2.36174552335182141860e+00	 2.25542068819810026525e+00	 3.02923839685052298591e+04	 3.35128254844576877076e+04	 3.09986017171008643345e+04	 3.20575221785805915715e+04	
 1.72349128858631120238e+04	 7.59183268830333327060e+03	 5.39158577689972054213e+06	 1.71566465928759332746e+06	-1.12892060291216219775e+06	-1.13221536266422161134e+05	-2.44414919754034187645e+06	-9.87533796057498278742e+01	-8.72430284537384750365e+01	-6.45533896227593544381e+01	-4.83863392129522438267e+01	-3.26297692216536088381e+05	-2.60325998777092550881e+05	-1.39880596684506977908e+05	 2.69563875078689125075e+04	
-8.87851796912900172174e+05	-1.74971159014560515061e+05	 1.71566465928759332746e+06	 1.82559647760501019657e+07	-4.47468908064677496441e+05	-2.07565774655087804422e+06	-5.75341249851442407817e+06	-3.15693909454714685126e+02	-2.81773988044382861062e+02	-2.14618450268792003044e+02	-1.75545813556639018316e+02	-2.41741508841603575274e+06	-2.32301717904792353511e+06	-1.92513163103255722672e+06	-1.76763062292949017137e+06	
-3.60992767869312810944e+04	-9.11918184400342761364e+03	-1.12892060291216219775e+06	-4.47468908064677496441e+05	 3.32789405682529206388e+05	 3.53482693668768115458e+03	 5.81561115019815275446e+05	 2.77725840627676383576e+01	 2.43857555686153730790e+01	 1.78129044906311513330e+01	 1.29299534527669166550e+01	 6.24849903688331323792e+04	 4.29390495484598941403e+04	 1.16728284258920066350e+04	-3.63696013759213092271e+04	
 9.40527444934067607392e+04	 1.38582749444889814185e+04	-1.13221536266422161134e+05	-2.07565774655087804422e+06	 3.53482693668768115458e+03	 3.11068838095642451663e+05	 4.37390416374040185474e+05	 2.98306877987040977018e+01	 2.61152768170594953290e+01	 1.96337393348903326284e+01	 1.60905901014958487849e+01	 2.42547258392819960136e+05	 2.30162386459733534139e+05	 1.90275986318406532519e+05	 1.78573335119290626608e+05	
 3.18691496781131718308e+05	 8.05610255757819686551e+04	-2.44414919754034187645e+06	-5.75341249851442407817e+06	 5.81561115019815275446e+05	 4.37390416374040185474e+05	 3.29564286393233668059e+06	 1.27433927016666345367e+02	 1.19757377979239919341e+02	 9.56830408821141134013e+01	 8.18576716857939601368e+01	 8.94496415004231268540e+05	 8.95286205172134679742e+05	 7.56188859399182256311e+05	 6.77679729605445871130e+05	
 1.25453058952991653996e+01	 2.39803993814624449854e+00	-9.87533796057498278742e+01	-3.15693909454714685126e+02	 2.77725840627676383576e+01	 2.98306877987040977018e+01	 1.27433927016666345367e+02	 2.40267351877883027222e-02	0.00000000000000000000e+00	0.00000000000000000000e+00	0.00000000000000000000e+00	 1.43392650872047340727e+02	0.00000000000000000000e+00	0.00000000000000000000e+00	0.00000000000000000000e+00	
 1.25039838033004500062e+01	 2.64302355554668633175e+00	-8.72430284537384750365e+01	-2.81773988044382861062e+02	 2.43857555686153730790e+01	 2.61152768170594953290e+01	 1.19757377979239919341e+02	0.00000000000000000000e+00	 2.09897938821071022852e-02	 1.74552314605429942374e-18	 8.21198442363044178727e-19	0.00000000000000000000e+00	 1.32836240774793338915e+02	0.00000000000000000000e+00	0.00000000000000000000e+00	
 1.03842331444437547816e+01	 2.36174552335182141860e+00	-6.45533896227593544381e+01	-2.14618450268792003044e+02	 1.78129044906311513330e+01	 1.96337393348903326284e+01	 9.56830408821141134013e+01	0.00000000000000000000e+00	 1.74552314605429942374e-18	 1.56555569397070423743e-02	0.00000000000000000000e+00	0.00000000000000000000e+00	0.00000000000000000000e+00	 1.05235393977676750410e+02	0.00000000000000000000e+00	
 9.29520606312393837811e+00	 2.25542068819810026525e+00	-4.83863392129522438267e+01	-1.75545813556639018316e+02	 1.29299534527669166550e+01	 1.60905901014958487849e+01	 8.18576716857939601368e+01	0.00000000000000000000e+00	 8.21198442363044178727e-19	0.00000000000000000000e+00	 1.25725768773584690996e-02	0.00000000000000000000e+00	0.00000000000000000000e+00	0.00000000000000000000e+00	 9.03782074618074773298e+01	
 1.44764124989294941770e+05	 3.02923839685052298591e+04	-3.26297692216536088381e+05	-2.41741508841603575274e+06	 6.24849903688331323792e+04	 2.42547258392819960136e+05	 8.94496415004231268540e+05	 1.43392650872047340727e+02	0.00000000000000000000e+00	0.00000000000000000000e+00	0.00000000000000000000e+00	 1.27183074858649657108e+06	0.00000000000000000000e+00	-3.43263195645704399794e-11	-3.47313289239536970854e-11	
 1.47812170172695565270e+05	 3.35128254844576877076e+04	-2.60325998777092550881e+05	-2.32301717904792353511e+06	 4.29390495484598941403e+04	 2.30162386459733534139e+05	 8.95286205172134679742e+05	0.00000000000000000000e+00	 1.32836240774793338915e+02	0.00000000000000000000e+00	0.00000000000000000000e+00	0.00000000000000000000e+00	 1.25654846543295495212e+06	-3.45892203768016770482e-11	-3.50155460182577371597e-11	
 1.29218459466923173750e+05	 3.09986017171008643345e+04	-1.39880596684506977908e+05	-1.92513163103255722672e+06	 1.16728284258920066350e+04	 1.90275986318406532519e+05	 7.56188859399182256311e+05	0.00000000000000000000e+00	0.00000000000000000000e+00	 1.05235393977676750410e+02	0.00000000000000000000e+00	-3.43263195645704399794e-11	-3.45892203768016770482e-11	 1.07305269098449102603e+06	0.00000000000000000000e+00	
 1.27434924350035493262e+05	 3.20575221785805915715e+04	 2.69563875078689125075e+04	-1.76763062292949017137e+06	-3.63696013759213092271e+04	 1.78573335119290626608e+05	 6.77679729605445871130e+05	0.00000000000000000000e+00	0.00000000000000000000e+00	0.00000000000000000000e+00	 9.03782074618074773298e+01	-3.47313289239536970854e-11	-3.50155460182577371597e-11	0.00000000000000000000e+00	 1.02410855404278635979e+06	
