#          Omega_b,                h,              n_s,           sigma8,       N_eff_camb,        m_nu_camb,     Omega_m_camb,           bias_1,           bias_2,           bias_3,           bias_4,           bias_5,           bias_6,           bias_7,           bias_8,           bias_9,          bias_10,              aIA,            etaIA
 2.14207375538885965943e+07	-5.10970366860207635909e+06	-6.35378873990496806800e+06	-3.77280293261469900608e+07	 1.70046031391422089655e+05	-8.35076521770120249130e+05	-1.34810319141424112022e+07	-2.67422018634425476193e+06	-2.25599181101979874074e+06	-1.73539626957336952910e+06	-1.50206020226744376123e+06	-1.37675969159991201013e+06	-1.29059175413581077009e+06	-1.23991085535772005096e+06	-1.18906285166285559535e+06	-1.08681075721875391901e+06	-6.35586378342275507748e+05	 3.85305884192065605021e+02	-2.79721068408002793149e+00	
-5.10970366860207635909e+06	 1.25671529563407041132e+06	 1.67618800065155490302e+06	 9.07832207596282288432e+06	-4.07236668156947998796e+04	 1.95357872930868645199e+05	 3.33525976816682796925e+06	 7.78755224824815988541e+05	 5.68385537464690161869e+05	 4.08714360179819515906e+05	 3.43903646156600792892e+05	 3.09419351417605997995e+05	 2.86115005308286868967e+05	 2.72031272639891831204e+05	 2.58791395113400998525e+05	 2.36336015790249919519e+05	 1.36704855656591651496e+05	-1.67437508744984995701e+02	-7.35988877322069470210e+01	
-6.35378873990496806800e+06	 1.67618800065155490302e+06	 2.78429716859503369778e+06	 1.10932747767864987254e+07	-5.07405303146324586123e+04	 2.05212381509976316011e+05	 4.44851485887163132429e+06	 1.63564978015182027593e+06	 9.22166431304066674784e+05	 5.35134178204713389277e+05	 3.78751373082001344301e+05	 2.86622323079309775494e+05	 2.23568202337236492895e+05	 1.79262982924045296386e+05	 1.38692641434009274235e+05	 9.75704040918841201346e+04	 3.22286452171792734589e+04	-8.00953182403849268667e+02	-8.51256972996922172570e+02	
-3.77280293261469900608e+07	 9.07832207596282288432e+06	 1.10932747767864987254e+07	 8.21076830973630696535e+07	-2.93763820583553984761e+05	 1.94891933908561198041e+06	 2.45771668409854024649e+07	 6.14787004684041067958e+06	 5.54039722468337416649e+06	 4.21586267823179438710e+06	 3.53237973564699757844e+06	 3.12035043544740928337e+06	 2.80429422302224952728e+06	 2.58129639218753809109e+06	 2.38254594148175977170e+06	 2.09911728996676951647e+06	 1.27013270957123581320e+06	 1.86680555359667607718e+02	 1.32585722690516945477e+03	
 1.70046031391422089655e+05	-4.07236668156947998796e+04	-5.07405303146324586123e+04	-2.93763820583553984761e+05	 1.36338061113235448829e+03	-6.44713923503120258829e+03	-1.06868399726485455176e+05	-2.07238003514671945595e+04	-1.74367060940681403736e+04	-1.33863200887368166150e+04	-1.16100054522792670468e+04	-1.06725792211787411361e+04	-1.00250230785272760841e+04	-9.64317691134317647084e+03	-9.26323188553691579727e+03	-8.49141982474528413150e+03	-4.89799952459202722821e+03	 9.97818388005551781816e-01	-3.34540478161893162223e+00	
-8.35076521770120249130e+05	 1.95357872930868645199e+05	 2.05212381509976316011e+05	 1.94891933908561198041e+06	-6.44713923503120258829e+03	 5.01172960329657580587e+04	 5.42881651098926202394e+05	 1.07780717785448970972e+05	 1.09726012152522132965e+05	 9.45416275597175408620e+04	 8.50863475737808912527e+04	 7.92495831697685207473e+04	 7.45710988417110784212e+04	 7.15967749978225183440e+04	 6.88988326160708675161e+04	 6.35804268134725643904e+04	 4.15378625983058154816e+04	-1.38406739461755194043e+02	-2.06005048969045702734e+02	
-1.34810319141424112022e+07	 3.33525976816682796925e+06	 4.44851485887163132429e+06	 2.45771668409854024649e+07	-1.06868399726485455176e+05	 5.42881651098926202394e+05	 2.04094547905911952257e+07	-1.01661384426405024715e+06	 7.09496920247981557623e+05	 6.21023891015040571801e+05	 7.11341653354977257550e+05	 7.20361389470601570792e+05	 7.37321336200683377683e+05	 7.51170472967365756631e+05	 7.58635258895527222194e+05	 7.32662250875375932083e+05	 4.64348492016989155672e+05	 1.56939597889768156165e+04	 2.71611308725812414195e+04	
-2.67422018634425476193e+06	 7.78755224824815988541e+05	 1.63564978015182027593e+06	 6.14787004684041067958e+06	-2.07238003514671945595e+04	 1.07780717785448970972e+05	-1.01661384426405024715e+06	 4.44639297272446099669e+06	-2.83945577697256230749e+05	 5.91074011076796450652e+04	 3.10111026798898137713e+02	 2.57791857696476540696e+02	 1.81061891636136238048e+02	 6.29464643612243435200e+01	 2.33813273915473018860e+01	 3.84304620459909074270e+00	 3.60401573495926186297e+00	 2.74072861466722088153e+02	 1.82137081722200093736e+02	
-2.25599181101979874074e+06	 5.68385537464690161869e+05	 9.22166431304066674784e+05	 5.54039722468337416649e+06	-1.74367060940681403736e+04	 1.09726012152522132965e+05	 7.09496920247981557623e+05	-2.83945577697256230749e+05	 3.66642942241707304493e+06	-8.49846337450709892437e+05	 1.18393299595731077716e+05	-2.37777489997092970953e+02	 7.94679297105859632211e+01	 3.63049896661138973286e+01	 1.03176370899183211804e+01	 7.39501304969365946818e-01	 6.36652721874853000372e-01	-1.32296144654542302987e+02	-8.62940113707244336183e+01	
-1.73539626957336952910e+06	 4.08714360179819515906e+05	 5.35134178204713389277e+05	 4.21586267823179438710e+06	-1.33863200887368166150e+04	 9.45416275597175408620e+04	 6.21023891015040571801e+05	 5.91074011076796450652e+04	-8.49846337450709892437e+05	 3.65639949104013992473e+06	-1.07394374521623644978e+06	 1.38043489922973443754e+05	 3.20585193019118378288e+03	 6.91594965916974615538e+01	 2.33541770279232991925e+01	 2.93597896205977804129e+00	 8.44351895512573946689e-01	 2.45149780090484512129e+02	 2.35958016353554683064e+02	
-1.50206020226744376123e+06	 3.43903646156600792892e+05	 3.78751373082001344301e+05	 3.53237973564699757844e+06	-1.16100054522792670468e+04	 8.50863475737808912527e+04	 7.11341653354977257550e+05	 3.10111026798898137713e+02	 1.18393299595731077716e+05	-1.07394374521623644978e+06	 3.41213171483869012445e+06	-1.06001063464509136975e+06	 1.13645543569102941547e+05	 3.46973253618276794441e+03	 5.10935260696898581045e+01	 8.32473129341869366726e+00	 8.34148326356313418728e-01	-4.18422218928515761149e+01	-1.82829108868909315788e+01	
-1.37675969159991201013e+06	 3.09419351417605997995e+05	 2.86622323079309775494e+05	 3.12035043544740928337e+06	-1.06725792211787411361e+04	 7.92495831697685207473e+04	 7.20361389470601570792e+05	 2.57791857696476540696e+02	-2.37777489997092970953e+02	 1.38043489922973443754e+05	-1.06001063464509136975e+06	 3.01776660251490306109e+06	-8.90011971876945812255e+05	 8.78582713089268654585e+04	 1.50586951151865378051e+03	 5.04649012986746470233e+01	 1.04105810022625178135e+00	 1.47448596815791489689e+02	 1.88111179831707033827e+02	
-1.29059175413581077009e+06	 2.86115005308286868967e+05	 2.23568202337236492895e+05	 2.80429422302224952728e+06	-1.00250230785272760841e+04	 7.45710988417110784212e+04	 7.37321336200683377683e+05	 1.81061891636136238048e+02	 7.94679297105859632211e+01	 3.20585193019118378288e+03	 1.13645543569102941547e+05	-8.90011971876945812255e+05	 2.52712367766293277964e+06	-6.80132273431442445144e+05	 5.84929830431454320205e+04	-1.10755226991388099123e+02	 1.29392783557724726506e+01	 7.23155808338988492778e+01	 1.17357991959399271309e+02	
-1.23991085535772005096e+06	 2.72031272639891831204e+05	 1.79262982924045296386e+05	 2.58129639218753809109e+06	-9.64317691134317647084e+03	 7.15967749978225183440e+04	 7.51170472967365756631e+05	 6.29464643612243435200e+01	 3.63049896661138973286e+01	 6.91594965916974615538e+01	 3.46973253618276794441e+03	 8.78582713089268654585e+04	-6.80132273431442445144e+05	 2.01593260754449246451e+06	-4.29075135120991850272e+05	 2.54734117753399623325e+04	-2.00317021877838215005e+01	 8.61098510135834658286e+01	 1.54089592185380183764e+02	
-1.18906285166285559535e+06	 2.58791395113400998525e+05	 1.38692641434009274235e+05	 2.38254594148175977170e+06	-9.26323188553691579727e+03	 6.88988326160708675161e+04	 7.58635258895527222194e+05	 2.33813273915473018860e+01	 1.03176370899183211804e+01	 2.33541770279232991925e+01	 5.10935260696898581045e+01	 1.50586951151865378051e+03	 5.84929830431454320205e+04	-4.29075135120991850272e+05	 1.48066498437109380029e+06	-1.82678562511713418644e+05	 3.95753394613881937403e+03	 4.74793090291486592491e+01	 1.08868839417397566649e+02	
-1.08681075721875391901e+06	 2.36336015790249919519e+05	 9.75704040918841201346e+04	 2.09911728996676951647e+06	-8.49141982474528413150e+03	 6.35804268134725643904e+04	 7.32662250875375932083e+05	 3.84304620459909074270e+00	 7.39501304969365946818e-01	 2.93597896205977804129e+00	 8.32473129341869366726e+00	 5.04649012986746470233e+01	-1.10755226991388099123e+02	 2.54734117753399623325e+04	-1.82678562511713418644e+05	 1.01615701168902905192e+06	-3.84322717674733285094e+04	 1.07516624361731558679e+01	 1.18477681243456231641e+02	
-6.35586378342275507748e+05	 1.36704855656591651496e+05	 3.22286452171792734589e+04	 1.27013270957123581320e+06	-4.89799952459202722821e+03	 4.15378625983058154816e+04	 4.64348492016989155672e+05	 3.60401573495926186297e+00	 6.36652721874853000372e-01	 8.44351895512573946689e-01	 8.34148326356313418728e-01	 1.04105810022625178135e+00	 1.29392783557724726506e+01	-2.00317021877838215005e+01	 3.95753394613881937403e+03	-3.84322717674733285094e+04	 5.13181362310031137895e+05	-5.51409821101871330029e+02	-9.65569897213569561245e+02	
 3.85305884192065605021e+02	-1.67437508744984995701e+02	-8.00953182403849268667e+02	 1.86680555359667607718e+02	 9.97818388005551781816e-01	-1.38406739461755194043e+02	 1.56939597889768156165e+04	 2.74072861466722088153e+02	-1.32296144654542302987e+02	 2.45149780090484512129e+02	-4.18422218928515761149e+01	 1.47448596815791489689e+02	 7.23155808338988492778e+01	 8.61098510135834658286e+01	 4.74793090291486592491e+01	 1.07516624361731558679e+01	-5.51409821101871330029e+02	 3.23275782108397834236e+03	 5.11443772155707301863e+03	
-2.79721068408002793149e+00	-7.35988877322069470210e+01	-8.51256972996922172570e+02	 1.32585722690516945477e+03	-3.34540478161893162223e+00	-2.06005048969045702734e+02	 2.71611308725812414195e+04	 1.82137081722200093736e+02	-8.62940113707244336183e+01	 2.35958016353554683064e+02	-1.82829108868909315788e+01	 1.88111179831707033827e+02	 1.17357991959399271309e+02	 1.54089592185380183764e+02	 1.08868839417397566649e+02	 1.18477681243456231641e+02	-9.65569897213569561245e+02	 5.11443772155707301863e+03	 8.25644223611052620981e+03	
