#          Omega_b,                h,              n_s,           sigma8,       N_eff_camb,        m_nu_camb,     Omega_m_camb,           bias_1,           bias_2,           bias_3,           bias_4,           bias_5,           bias_6,           bias_7,           bias_8,           bias_9,          bias_10,              aIA,            etaIA
 2.14411507182077467442e+07	-5.11342290221242234111e+06	-6.35234539216678775847e+06	-3.77492972680668607354e+07	 1.70193556530280999141e+05	-8.34326129246128955856e+05	-1.34888311527003198862e+07	-2.67432314584868680686e+06	-2.25560836437727045268e+06	-1.73795229732681857422e+06	-1.50570073640090250410e+06	-1.37954876844640960917e+06	-1.29204456636779848486e+06	-1.23994059314971230924e+06	-1.18833359319396037608e+06	-1.08699650504601560533e+06	-6.35307977924552746117e+05	 3.85862451041792155593e+02	-1.99204981599086750066e+00	
-5.11342290221242234111e+06	 1.25707366735416511074e+06	 1.67679288215553248301e+06	 9.07608104485925100744e+06	-4.07846265624964726157e+04	 1.95411064003037870862e+05	 3.33588008107919804752e+06	 7.79878281249441555701e+05	 5.68704296786717139184e+05	 4.09363165106340777129e+05	 3.44398407364566926844e+05	 3.08905737641229061410e+05	 2.85361771235840511508e+05	 2.71618999499472323805e+05	 2.58704691981731506530e+05	 2.36303851614881044952e+05	 1.36818715383418428246e+05	-1.67636162221405641048e+02	-7.38044221440858905225e+01	
-6.35234539216678775847e+06	 1.67679288215553248301e+06	 2.78784606571324774995e+06	 1.10964904930472262204e+07	-5.07840115665095217992e+04	 2.05164812527048896300e+05	 4.45032076741645764560e+06	 1.63698044870753679425e+06	 9.24271595089853508398e+05	 5.36089441904342500493e+05	 3.78437744240881758742e+05	 2.86561401151230791584e+05	 2.23735830828503560042e+05	 1.79157914271238085348e+05	 1.38108036169030761812e+05	 9.73364300355822342681e+04	 3.22069309184297453612e+04	-8.01772193231498249588e+02	-8.52209801436715224554e+02	
-3.77492972680668607354e+07	 9.07608104485925100744e+06	 1.10964904930472262204e+07	 8.21073246424142569304e+07	-2.93956560092124505900e+05	 1.94913661445278464817e+06	 2.45616642872956544161e+07	 6.14786280852664355189e+06	 5.54038774263514485210e+06	 4.21585949519343767315e+06	 3.53237761453671520576e+06	 3.12034487757400423288e+06	 2.80428358256558049470e+06	 2.58128484482836164534e+06	 2.38253187996253464371e+06	 2.09909640987363271415e+06	 1.27012234811059199274e+06	 1.86681691613187808798e+02	 1.32586333579647316583e+03	
 1.70193556530280999141e+05	-4.07846265624964726157e+04	-5.07840115665095217992e+04	-2.93956560092124505900e+05	 1.36493998532016325953e+03	-6.44989490477537401603e+03	-1.06885851011298014782e+05	-2.07581440548097889405e+04	-1.74554490865568950539e+04	-1.33814430233307284652e+04	-1.16106001997875318921e+04	-1.06742632945627992740e+04	-1.00390297486236650002e+04	-9.66227009668497703387e+03	-9.27001273753748318995e+03	-8.49260570853081480891e+03	-4.90042101666433518403e+03	 9.98406276311933904566e-01	-3.34718519679266890421e+00	
-8.34326129246128955856e+05	 1.95411064003037870862e+05	 2.05164812527048896300e+05	 1.94913661445278464817e+06	-6.44989490477537401603e+03	 5.00605289725688926410e+04	 5.43013933970931684598e+05	 1.07762493759606993990e+05	 1.09497479641243640799e+05	 9.44782922901093988912e+04	 8.50664408670356788207e+04	 7.91406550544512574561e+04	 7.45048902488349413034e+04	 7.16051022542934515513e+04	 6.89032734844556835014e+04	 6.35636673490049142856e+04	 4.15175482920879876474e+04	-1.38401470329321853114e+02	-2.06028609274275794405e+02	
-1.34888311527003198862e+07	 3.33588008107919804752e+06	 4.45032076741645764560e+06	 2.45616642872956544161e+07	-1.06885851011298014782e+05	 5.43013933970931684598e+05	 2.04064019517443589866e+07	-1.01610286342331604101e+06	 7.09440647425976581872e+05	 6.20979456861937767826e+05	 7.11250436144218314439e+05	 7.20217560127538861707e+05	 7.37112540222352370620e+05	 7.50998613048613304272e+05	 7.58518385469936067238e+05	 7.31999488292408874258e+05	 4.63556311204390425701e+05	 1.56930678533190439339e+04	 2.71598460309032670921e+04	
-2.67432314584868680686e+06	 7.79878281249441555701e+05	 1.63698044870753679425e+06	 6.14786280852664355189e+06	-2.07581440548097889405e+04	 1.07762493759606993990e+05	-1.01610286342331604101e+06	 4.44639257101946417242e+06	-2.83945502129010041244e+05	 5.91074222916907456238e+04	 3.10110341175895428023e+02	 2.57788727303642758670e+02	 1.81062371665263754039e+02	 6.29504583882222732427e+01	 2.33814403755027910847e+01	 3.84132272923665141207e+00	 3.60388072950800619765e+00	 2.74073410869093208930e+02	 1.82136889391393310689e+02	
-2.25560836437727045268e+06	 5.68704296786717139184e+05	 9.24271595089853508398e+05	 5.54038774263514485210e+06	-1.74554490865568950539e+04	 1.09497479641243640799e+05	 7.09440647425976581872e+05	-2.83945502129010041244e+05	 3.66643002347440458834e+06	-8.49847340365926036611e+05	 1.18393629061553263455e+05	-2.37780469509174622544e+02	 7.94742034219142396978e+01	 3.63083289143252159192e+01	 1.03129845790971899078e+01	 7.43554495086243605328e-01	 6.37310617945800572670e-01	-1.32295565420226751030e+02	-8.62941615211721000378e+01	
-1.73795229732681857422e+06	 4.09363165106340777129e+05	 5.36089441904342500493e+05	 4.21585949519343767315e+06	-1.33814430233307284652e+04	 9.44782922901093988912e+04	 6.20979456861937767826e+05	 5.91074222916907456238e+04	-8.49847340365926036611e+05	 3.65640511403941595927e+06	-1.07394718474253779277e+06	 1.38044049740820075385e+05	 3.20586272103207102191e+03	 6.91543798578831001578e+01	 2.33482585126898243288e+01	 2.93422689001675962572e+00	 8.43235659075958210451e-01	 2.45150011587528240398e+02	 2.35959006445030070154e+02	
-1.50570073640090250410e+06	 3.44398407364566926844e+05	 3.78437744240881758742e+05	 3.53237761453671520576e+06	-1.16106001997875318921e+04	 8.50664408670356788207e+04	 7.11250436144218314439e+05	 3.10110341175895428023e+02	 1.18393629061553263455e+05	-1.07394718474253779277e+06	 3.41214028226202260703e+06	-1.06001422569159651175e+06	 1.13645920985990800546e+05	 3.46973528150573702078e+03	 5.10948348479978449177e+01	 8.32618987334222993013e+00	 8.32944252515687821870e-01	-4.18423523578573011150e+01	-1.82827847482469678653e+01	
-1.37954876844640960917e+06	 3.08905737641229061410e+05	 2.86561401151230791584e+05	 3.12034487757400423288e+06	-1.06742632945627992740e+04	 7.91406550544512574561e+04	 7.20217560127538861707e+05	 2.57788727303642758670e+02	-2.37780469509174622544e+02	 1.38044049740820075385e+05	-1.06001422569159651175e+06	 3.01777319120288966224e+06	-8.90013965168149909005e+05	 8.78584369990396080539e+04	 1.50586298956856262521e+03	 5.04650287567187660898e+01	 1.03903752624034950713e+00	 1.47449105295477494337e+02	 1.88111002461632836003e+02	
-1.29204456636779848486e+06	 2.85361771235840511508e+05	 2.23735830828503560042e+05	 2.80428358256558049470e+06	-1.00390297486236650002e+04	 7.45048902488349413034e+04	 7.37112540222352370620e+05	 1.81062371665263754039e+02	 7.94742034219142396978e+01	 3.20586272103207102191e+03	 1.13645920985990800546e+05	-8.90013965168149909005e+05	 2.52712653877029148862e+06	-6.80132801007758360356e+05	 5.84930261334853930748e+04	-1.10756869647621329023e+02	 1.29394963671591938237e+01	 7.23144431134254688232e+01	 1.17358252258920060740e+02	
-1.23994059314971230924e+06	 2.71618999499472323805e+05	 1.79157914271238085348e+05	 2.58128484482836164534e+06	-9.66227009668497703387e+03	 7.16051022542934515513e+04	 7.50998613048613304272e+05	 6.29504583882222732427e+01	 3.63083289143252159192e+01	 6.91543798578831001578e+01	 3.46973528150573702078e+03	 8.78584369990396080539e+04	-6.80132801007758360356e+05	 2.01593304439610685222e+06	-4.29075146888670162298e+05	 2.54734140613371855579e+04	-2.00299758099098426101e+01	 8.61094160605731673286e+01	 1.54089248327471352695e+02	
-1.18833359319396037608e+06	 2.58704691981731506530e+05	 1.38108036169030761812e+05	 2.38253187996253464371e+06	-9.27001273753748318995e+03	 6.89032734844556835014e+04	 7.58518385469936067238e+05	 2.33814403755027910847e+01	 1.03129845790971899078e+01	 2.33482585126898243288e+01	 5.10948348479978449177e+01	 1.50586298956856262521e+03	 5.84930261334853930748e+04	-4.29075146888670162298e+05	 1.48066490540402173065e+06	-1.82678564377262315247e+05	 3.95753200357285004429e+03	 4.74790195491260220706e+01	 1.08868359864316971652e+02	
-1.08699650504601560533e+06	 2.36303851614881044952e+05	 9.73364300355822342681e+04	 2.09909640987363271415e+06	-8.49260570853081480891e+03	 6.35636673490049142856e+04	 7.31999488292408874258e+05	 3.84132272923665141207e+00	 7.43554495086243605328e-01	 2.93422689001675962572e+00	 8.32618987334222993013e+00	 5.04650287567187660898e+01	-1.10756869647621329023e+02	 2.54734140613371855579e+04	-1.82678564377262315247e+05	 1.01615700426692015026e+06	-3.84322758157839271007e+04	 1.07518591427970129359e+01	 1.18477476136991128897e+02	
-6.35307977924552746117e+05	 1.36818715383418428246e+05	 3.22069309184297453612e+04	 1.27012234811059199274e+06	-4.90042101666433518403e+03	 4.15175482920879876474e+04	 4.63556311204390425701e+05	 3.60388072950800619765e+00	 6.37310617945800572670e-01	 8.43235659075958210451e-01	 8.32944252515687821870e-01	 1.03903752624034950713e+00	 1.29394963671591938237e+01	-2.00299758099098426101e+01	 3.95753200357285004429e+03	-3.84322758157839271007e+04	 5.13181514977752580307e+05	-5.51409736893283252357e+02	-9.65570448841684992658e+02	
 3.85862451041792155593e+02	-1.67636162221405641048e+02	-8.01772193231498249588e+02	 1.86681691613187808798e+02	 9.98406276311933904566e-01	-1.38401470329321853114e+02	 1.56930678533190439339e+04	 2.74073410869093208930e+02	-1.32295565420226751030e+02	 2.45150011587528240398e+02	-4.18423523578573011150e+01	 1.47449105295477494337e+02	 7.23144431134254688232e+01	 8.61094160605731673286e+01	 4.74790195491260220706e+01	 1.07518591427970129359e+01	-5.51409736893283252357e+02	 3.23275920609368222358e+03	 5.11443994775248302176e+03	
-1.99204981599086750066e+00	-7.38044221440858905225e+01	-8.52209801436715224554e+02	 1.32586333579647316583e+03	-3.34718519679266890421e+00	-2.06028609274275794405e+02	 2.71598460309032670921e+04	 1.82136889391393310689e+02	-8.62941615211721000378e+01	 2.35959006445030070154e+02	-1.82827847482469678653e+01	 1.88111002461632836003e+02	 1.17358252258920060740e+02	 1.54089248327471352695e+02	 1.08868359864316971652e+02	 1.18477476136991128897e+02	-9.65570448841684992658e+02	 5.11443994775248302176e+03	 8.25644577086306162528e+03	
