#          Omega_b,                h,              n_s,           sigma8,       N_eff_camb,        m_nu_camb,     Omega_m_camb,           bias_1,           bias_2,           bias_3,           bias_4,           bias_5,           bias_6,           bias_7,           bias_8,           bias_9,          bias_10,              aIA,            etaIA
 2.53728743572607124224e+06	-4.77287251015605288558e+05	-4.18263613619669631589e+05	-8.40614096913604997098e+05	 2.12921398835821055400e+04	 1.87810424639364355244e+04	-1.61270050421136151999e+06	-7.97812437018405762501e+04	-7.07162279142675106414e+04	-4.74165900054983212613e+04	-3.54451266645301220706e+04	-2.17760805372560789692e+04	-1.06208760336263767385e+04	 3.07367726944924288546e+03	 1.89573922588624918717e+04	 3.44370442854906505090e+04	 6.57536397665449185297e+04	 6.81936193687735567437e+02	 8.32566558133027911026e+02	
-4.77287251015605288558e+05	 1.02964996675643953495e+05	 1.14306705889488919638e+05	 5.99576117121468560072e+04	-4.24082745260794763453e+03	-7.88130472389457827376e+03	 3.66765956296532298438e+05	 8.74894064604876621161e+03	 6.30920835377287039591e+03	 2.36204721347509894258e+03	 1.56158983744038835084e+01	-2.36563022122024267446e+03	-4.92222611277445048472e+03	-7.01664106123113469948e+03	-1.13103927036544773728e+04	-1.57156171256025227194e+04	-2.04830710144770127954e+04	-1.75102252435198323610e+02	-2.04255992927284182770e+02	
-4.18263613619669631589e+05	 1.14306705889488919638e+05	 2.11071396008934505517e+05	-4.62231646770419552922e+05	-3.93588630825099380672e+03	-2.54166070786058298836e+04	 4.51665599045060691424e+05	-1.81925225188502772653e+04	-2.99064048499239361263e+04	-3.22813958579768586787e+04	-3.47462324943381900084e+04	-3.50783106892760042683e+04	-3.78759683801788778510e+04	-3.54075546560321672587e+04	-4.38025027765943959821e+04	-4.75694179356856038794e+04	-4.56755167630177456886e+04	-3.80107712068875287059e+02	-4.50042779654153434876e+02	
-8.40614096913604997098e+05	 5.99576117121468560072e+04	-4.62231646770419552922e+05	 7.30666133877012133598e+06	-4.11093012082872883184e+03	 2.21006756370779883582e+05	 2.35263681484510377049e+06	 5.61129978945228387602e+05	 4.25591268337501562200e+05	 3.17758890034990792628e+05	 2.85329709456560551189e+05	 2.52310605156140954932e+05	 2.44738694304816046497e+05	 2.09873025272759550717e+05	 2.41032566862077306723e+05	 2.43087838794548122678e+05	 2.12706206152144877706e+05	-9.33519227114298018932e+02	-5.78450403394544537150e+02	
 2.12921398835821055400e+04	-4.24082745260794763453e+03	-3.93588630825099380672e+03	-4.11093012082872883184e+03	 1.92490607043759723638e+02	 2.56361037784426798680e+02	-1.29764940272972453386e+04	-4.45991162688498320676e+02	-4.34573608181221686664e+02	-2.82562118638190952424e+02	-1.92893175204912779463e+02	-8.53843132004269875779e+01	 1.05331343393068657122e+01	 1.27159572031164444184e+02	 2.72432368564227431307e+02	 4.39572246349339309290e+02	 7.01003649509883189239e+02	 4.21491133404371787208e+00	 4.76837224759603195423e+00	
 1.87810424639364355244e+04	-7.88130472389457827376e+03	-2.54166070786058298836e+04	 2.21006756370779883582e+05	 2.56361037784426798680e+02	 7.95922216185583329207e+03	 3.33601495188345579663e+04	 1.69507672189174627420e+04	 1.31799302783615094086e+04	 9.85178010529599487199e+03	 8.86769641206354936003e+03	 7.92532973408897487388e+03	 7.84073177407686671359e+03	 6.90731767092679729103e+03	 8.25448662511913425988e+03	 8.82142227573524178297e+03	 8.52656678103135709534e+03	-1.03974102725303950479e+02	-1.52720515100060481473e+02	
-1.61270050421136151999e+06	 3.66765956296532298438e+05	 4.51665599045060691424e+05	 2.35263681484510377049e+06	-1.29764940272972453386e+04	 3.33601495188345579663e+04	 6.02236167532339319587e+06	-6.29877112670891452581e+05	-1.58263687872294744011e+05	-7.90510628881560405716e+04	-4.37491865773401368642e+04	-2.10454206173834754736e+04	-9.82193515997271242668e+03	-3.08794767472014336818e+03	-1.26866382937617709104e+03	-3.19142251144755846326e+03	-1.20616026042439916637e+04	 8.69816392298652863246e+03	 1.51920240367880251142e+04	
-7.97812437018405762501e+04	 8.74894064604876621161e+03	-1.81925225188502772653e+04	 5.61129978945228387602e+05	-4.45991162688498320676e+02	 1.69507672189174627420e+04	-6.29877112670891452581e+05	 4.99132775954070908483e+05	 4.25360085230752447387e+04	 4.80379617777618477703e+02	 6.33944266726329260564e+02	 1.33054746645591936982e+01	 4.16466235561531590292e+01	 4.96701304493538398077e+00	 3.52422495383500944399e+00	 7.12692044345430986141e-04	 1.25570963571671079251e+00	-5.49222143569020282428e+00	-2.73337899970417197437e+00	
-7.07162279142675106414e+04	 6.30920835377287039591e+03	-2.99064048499239361263e+04	 4.25591268337501562200e+05	-4.34573608181221686664e+02	 1.31799302783615094086e+04	-1.58263687872294744011e+05	 4.25360085230752447387e+04	 2.27866773792499210685e+05	 3.20419310325408368954e+04	 6.50704500990179326436e+01	 6.88134721561221567754e+02	-1.94750509476630995209e+01	 2.05772427255901675380e+01	 5.64927999034863770333e+00	 1.00758661668493232355e-01	 8.19905975719574797722e-01	-6.07657894562322624665e+01	-4.48418468394179967618e+01	
-4.74165900054983212613e+04	 2.36204721347509894258e+03	-3.22813958579768586787e+04	 3.17758890034990792628e+05	-2.82562118638190952424e+02	 9.85178010529599487199e+03	-7.90510628881560405716e+04	 4.80379617777618477703e+02	 3.20419310325408368954e+04	 1.50925291512898402289e+05	 3.27481442540554635343e+04	-1.38297501488946295467e+02	 5.48426837132417176690e+02	 1.46193963138070284202e+01	 4.02655949843477944938e+00	 5.10579113944599427555e+00	 4.10149415985774368210e-02	-6.76892838441010553652e+01	-5.57005744619284257624e+01	
-3.54451266645301220706e+04	 1.56158983744038835084e+01	-3.47462324943381900084e+04	 2.85329709456560551189e+05	-1.92893175204912779463e+02	 8.86769641206354936003e+03	-4.37491865773401368642e+04	 6.33944266726329260564e+02	 6.50704500990179326436e+01	 3.27481442540554635343e+04	 1.21741903828170281486e+05	 2.94201408260348107433e+04	 2.14753475306913429677e+02	 3.92490928215086569253e+02	 5.11818747056714187238e+01	 6.47092386874577663036e+00	 3.74780989381678786287e+00	-1.15450530671208724698e+02	-1.10378896981025036439e+02	
-2.17760805372560789692e+04	-2.36563022122024267446e+03	-3.50783106892760042683e+04	 2.52310605156140954932e+05	-8.53843132004269875779e+01	 7.92532973408897487388e+03	-2.10454206173834754736e+04	 1.33054746645591936982e+01	 6.88134721561221567754e+02	-1.38297501488946295467e+02	 2.94201408260348107433e+04	 9.86008342499144055182e+04	 2.66304740421391325071e+04	 4.41214457110856528743e+02	 3.40647153301037860729e+02	 5.66031710955772240368e+01	 7.47017943195495170983e+00	-7.85996886874616507157e+01	-7.90991992387881452942e+01	
-1.06208760336263767385e+04	-4.92222611277445048472e+03	-3.78759683801788778510e+04	 2.44738694304816046497e+05	 1.05331343393068657122e+01	 7.84073177407686671359e+03	-9.82193515997271242668e+03	 4.16466235561531590292e+01	-1.94750509476630995209e+01	 5.48426837132417176690e+02	 2.14753475306913429677e+02	 2.66304740421391325071e+04	 9.24594082164276769618e+04	 2.35160619453807594255e+04	 9.61535733133215785529e+02	 2.69171804221704348947e+02	 4.80134848505396050200e+01	-4.05562225861221747891e+01	-5.03080068649534268843e+01	
 3.07367726944924288546e+03	-7.01664106123113469948e+03	-3.54075546560321672587e+04	 2.09873025272759550717e+05	 1.27159572031164444184e+02	 6.90731767092679729103e+03	-3.08794767472014336818e+03	 4.96701304493538398077e+00	 2.05772427255901675380e+01	 1.46193963138070284202e+01	 3.92490928215086569253e+02	 4.41214457110856528743e+02	 2.35160619453807594255e+04	 7.35264864739202603232e+04	 1.96678216969887580490e+04	 6.87729986099851885228e+02	 1.13030556296995158050e+02	-2.97452748376240876382e+01	-4.04234581807567963097e+01	
 1.89573922588624918717e+04	-1.13103927036544773728e+04	-4.38025027765943959821e+04	 2.41032566862077306723e+05	 2.72432368564227431307e+02	 8.25448662511913425988e+03	-1.26866382937617709104e+03	 3.52422495383500944399e+00	 5.64927999034863770333e+00	 4.02655949843477944938e+00	 5.11818747056714187238e+01	 3.40647153301037860729e+02	 9.61535733133215785529e+02	 1.96678216969887580490e+04	 9.14866053346599219367e+04	 1.62878609073146217270e+04	 6.05438512932477351569e+02	-2.99808926935456270257e+01	-3.55442686412098396431e+01	
 3.44370442854906505090e+04	-1.57156171256025227194e+04	-4.75694179356856038794e+04	 2.43087838794548122678e+05	 4.39572246349339309290e+02	 8.82142227573524178297e+03	-3.19142251144755846326e+03	 7.12692044345430986141e-04	 1.00758661668493232355e-01	 5.10579113944599427555e+00	 6.47092386874577663036e+00	 5.66031710955772240368e+01	 2.69171804221704348947e+02	 6.87729986099851885228e+02	 1.62878609073146217270e+04	 9.47656279502174729714e+04	 1.11472716870536023634e+04	-1.32655891406652386877e+02	-2.27721727338352053494e+02	
 6.57536397665449185297e+04	-2.04830710144770127954e+04	-4.56755167630177456886e+04	 2.12706206152144877706e+05	 7.01003649509883189239e+02	 8.52656678103135709534e+03	-1.20616026042439916637e+04	 1.25570963571671079251e+00	 8.19905975719574797722e-01	 4.10149415985774368210e-02	 3.74780989381678786287e+00	 7.47017943195495170983e+00	 4.80134848505396050200e+01	 1.13030556296995158050e+02	 6.05438512932477351569e+02	 1.11472716870536023634e+04	 8.63806318415263958741e+04	-3.28581489737469269130e+02	-5.78556795654519646632e+02	
 6.81936193687735567437e+02	-1.75102252435198323610e+02	-3.80107712068875287059e+02	-9.33519227114298018932e+02	 4.21491133404371787208e+00	-1.03974102725303950479e+02	 8.69816392298652863246e+03	-5.49222143569020282428e+00	-6.07657894562322624665e+01	-6.76892838441010553652e+01	-1.15450530671208724698e+02	-7.85996886874616507157e+01	-4.05562225861221747891e+01	-2.97452748376240876382e+01	-2.99808926935456270257e+01	-1.32655891406652386877e+02	-3.28581489737469269130e+02	 1.71132766968908777017e+03	 2.78451757045923659462e+03	
 8.32566558133027911026e+02	-2.04255992927284182770e+02	-4.50042779654153434876e+02	-5.78450403394544537150e+02	 4.76837224759603195423e+00	-1.52720515100060481473e+02	 1.51920240367880251142e+04	-2.73337899970417197437e+00	-4.48418468394179967618e+01	-5.57005744619284257624e+01	-1.10378896981025036439e+02	-7.90991992387881452942e+01	-5.03080068649534268843e+01	-4.04234581807567963097e+01	-3.55442686412098396431e+01	-2.27721727338352053494e+02	-5.78556795654519646632e+02	 2.78451757045923659462e+03	 4.61059303130658008740e+03	
