#           w0_fld,           wa_fld,          Omega_b,                h,              n_s,           sigma8,     Omega_m_camb,          P_shot0,          P_shot1,          P_shot2,          P_shot3,      lnbsigma8_0,      lnbsigma8_1,      lnbsigma8_2,      lnbsigma8_3
 7.68958312575466261478e+04	 1.81208140683170386183e+04	 1.87770322802646187483e+04	-8.84555222962051979266e+05	-3.64559181168897994212e+04	 9.43829688021666370332e+04	 3.13904467783586820588e+05	 1.23484077994957388569e+01	 1.23972131242155771957e+01	 1.03523410644493516486e+01	 9.31715487831959165987e+00	 1.43504669648195267655e+05	 1.46981459792635985650e+05	 1.28884424631717774901e+05	 1.27631269799095549388e+05	
 1.81208140683170386183e+04	 4.83156534124020345189e+03	 8.09363556624122065841e+03	-1.66820302126884722384e+05	-9.15271330258236048394e+03	 1.23803566218483647390e+04	 8.08651502034731674939e+04	 2.29532669837496872134e+00	 2.55994078173709382895e+00	 2.30736453501341909345e+00	 2.22103659837106848229e+00	 2.96864228781683086709e+04	 3.29485732783312632819e+04	 3.05676350620460871141e+04	 3.17298642177416550112e+04	
 1.87770322802646187483e+04	 8.09363556624122065841e+03	 5.38620518911986146122e+06	 1.72296954501515021548e+06	-1.12861999824107578024e+06	-1.11052697438262752257e+05	-2.43412211770112114027e+06	-9.86183123919821298387e+01	-8.71228458290933076569e+01	-6.44656260142547807845e+01	-4.83267572622736665267e+01	-3.24447159564926289022e+05	-2.58703033102312881965e+05	-1.38726583994826069102e+05	 2.77796293178321866435e+04	
-8.84555222962051979266e+05	-1.66820302126884722384e+05	 1.72296954501515021548e+06	 1.85339097824672684073e+07	-4.46217487981756159570e+05	-2.14255388318157754838e+06	-5.59296790015603415668e+06	-3.17367889477217886451e+02	-2.83210456149460810593e+02	-2.15668886350184436651e+02	-1.76390476397197119240e+02	-2.41586415134203340858e+06	-2.32246532662853505462e+06	-1.92573278246623789892e+06	-1.77002104033774277195e+06	
-3.64559181168897994212e+04	-9.15271330258236048394e+03	-1.12861999824107578024e+06	-4.46217487981756159570e+05	 3.32703281379985972308e+05	 2.04436049491253652377e+03	 5.80703326680606463924e+05	 2.77327524773554472404e+01	 2.43495838529768917624e+01	 1.77856768808122041037e+01	 1.29098102726241297233e+01	 6.19932052815091446973e+04	 4.25014667608684758306e+04	 1.13506444532073510345e+04	-3.66327797091289685341e+04	
 9.43829688021666370332e+04	 1.23803566218483647390e+04	-1.11052697438262752257e+05	-2.14255388318157754838e+06	 2.04436049491253652377e+03	 3.27797189612275979016e+05	 4.06845810600398224778e+05	 3.01793157932505167196e+01	 2.64330927967824607094e+01	 1.98850436928540261761e+01	 1.63172704735488167671e+01	 2.43628495090421405621e+05	 2.31537085704024415463e+05	 1.91801151420657959534e+05	 1.80665851587062643375e+05	
 3.13904467783586820588e+05	 8.08651502034731674939e+04	-2.43412211770112114027e+06	-5.59296790015603415668e+06	 5.80703326680606463924e+05	 4.06845810600398224778e+05	 3.28921111800563521683e+06	 1.25731910662489013930e+02	 1.18084314599791639466e+02	 9.43188752641704297730e+01	 8.06619724588775710572e+01	 8.83111594944118289277e+05	 8.83064126786756445654e+05	 7.45031869260947685689e+05	 6.66135073957419022918e+05	
 1.23484077994957388569e+01	 2.29532669837496872134e+00	-9.86183123919821298387e+01	-3.17367889477217886451e+02	 2.77327524773554472404e+01	 3.01793157932505167196e+01	 1.25731910662489013930e+02	 2.40791914614743619849e-02	0.00000000000000000000e+00	0.00000000000000000000e+00	0.00000000000000000000e+00	 1.42888443923534282476e+02	0.00000000000000000000e+00	 2.32383556841853078367e-14	 2.35089725464376897435e-14	
 1.23972131242155771957e+01	 2.55994078173709382895e+00	-8.71228458290933076569e+01	-2.83210456149460810593e+02	 2.43495838529768917624e+01	 2.64330927967824607094e+01	 1.18084314599791639466e+02	0.00000000000000000000e+00	 2.10244778032145189506e-02	0.00000000000000000000e+00	0.00000000000000000000e+00	0.00000000000000000000e+00	 1.32374687719040082357e+02	0.00000000000000000000e+00	0.00000000000000000000e+00	
 1.03523410644493516486e+01	 2.30736453501341909345e+00	-6.44656260142547807845e+01	-2.15668886350184436651e+02	 1.77856768808122041037e+01	 1.98850436928540261761e+01	 9.43188752641704297730e+01	0.00000000000000000000e+00	0.00000000000000000000e+00	 1.56723382082490439449e-02	0.00000000000000000000e+00	0.00000000000000000000e+00	0.00000000000000000000e+00	 1.04876291366606892552e+02	0.00000000000000000000e+00	
 9.31715487831959165987e+00	 2.22103659837106848229e+00	-4.83267572622736665267e+01	-1.76390476397197119240e+02	 1.29098102726241297233e+01	 1.63172704735488167671e+01	 8.06619724588775710572e+01	0.00000000000000000000e+00	0.00000000000000000000e+00	0.00000000000000000000e+00	 1.25776417735060756786e-02	0.00000000000000000000e+00	0.00000000000000000000e+00	0.00000000000000000000e+00	 9.00837290446847305248e+01	
 1.43504669648195267655e+05	 2.96864228781683086709e+04	-3.24447159564926289022e+05	-2.41586415134203340858e+06	 6.19932052815091446973e+04	 2.43628495090421405621e+05	 8.83111594944118289277e+05	 1.42888443923534282476e+02	0.00000000000000000000e+00	0.00000000000000000000e+00	0.00000000000000000000e+00	 1.26635203155267890543e+06	-1.35941036205622367561e-10	0.00000000000000000000e+00	0.00000000000000000000e+00	
 1.46981459792635985650e+05	 3.29485732783312632819e+04	-2.58703033102312881965e+05	-2.32246532662853505462e+06	 4.25014667608684758306e+04	 2.31537085704024415463e+05	 8.83064126786756445654e+05	0.00000000000000000000e+00	 1.32374687719040082357e+02	0.00000000000000000000e+00	0.00000000000000000000e+00	-1.35941036205622367561e-10	 1.25125659223207784817e+06	0.00000000000000000000e+00	0.00000000000000000000e+00	
 1.28884424631717774901e+05	 3.05676350620460871141e+04	-1.38726583994826069102e+05	-1.92573278246623789892e+06	 1.13506444532073510345e+04	 1.91801151420657959534e+05	 7.45031869260947685689e+05	 2.32383556841853078367e-14	0.00000000000000000000e+00	 1.04876291366606892552e+02	0.00000000000000000000e+00	0.00000000000000000000e+00	0.00000000000000000000e+00	 1.06871746882813051343e+06	0.00000000000000000000e+00	
 1.27631269799095549388e+05	 3.17298642177416550112e+04	 2.77796293178321866435e+04	-1.77002104033774277195e+06	-3.66327797091289685341e+04	 1.80665851587062643375e+05	 6.66135073957419022918e+05	 2.35089725464376897435e-14	0.00000000000000000000e+00	0.00000000000000000000e+00	 9.00837290446847305248e+01	0.00000000000000000000e+00	0.00000000000000000000e+00	0.00000000000000000000e+00	 1.02039057909815211315e+06	
