#          Omega_b,                h,              n_s,           sigma8,       N_eff_camb,        m_nu_camb,     Omega_m_camb,              aIA,            etaIA
 1.12491796924561611377e+06	-3.11644119497642677743e+05	-5.94043786701646284200e+05	-2.00087805767680238932e+06	 8.95092575178538027103e+03	-3.40916834069267642917e+04	-2.97357370013807341456e+06	 3.84992861396463285928e+03	 4.35215611177474238502e+03	
-3.11644119497642677743e+05	 8.78409201865626673680e+04	 1.71903685497828322696e+05	 5.52074581589038949460e+05	-2.48123197150342866735e+03	 9.35500226912882317265e+03	 8.26086734935115324333e+05	-1.05753365729360393743e+03	-1.17875023922677701194e+03	
-5.94043786701646284200e+05	 1.71903685497828322696e+05	 3.50177277318630076479e+05	 1.03957243290317268111e+06	-4.73404793383804189943e+03	 1.71559316724645177601e+04	 1.57643087384133972228e+06	-2.02511125258426704931e+03	-2.20905476481729147054e+03	
-2.00087805767680238932e+06	 5.52074581589038949460e+05	 1.03957243290317268111e+06	 4.74992931251030880958e+06	-1.54694310235986376938e+04	 9.73022393941362533951e+04	 6.73161883758751302958e+06	-5.64719966321394167608e+03	-5.80128491466555988154e+03	
 8.95092575178538027103e+03	-2.48123197150342866735e+03	-4.73404793383804189943e+03	-1.54694310235986376938e+04	 7.15996055671169671086e+01	-2.59163262444513009086e+02	-2.30982893109505967004e+04	 3.11565220734443073525e+01	 3.54710172538300909650e+01	
-3.40916834069267642917e+04	 9.35500226912882317265e+03	 1.71559316724645177601e+04	 9.73022393941362533951e+04	-2.59163262444513009086e+02	 2.19929076291368301099e+03	 1.33883773719838238321e+05	-7.93073403045523264154e+01	-7.33055165617212480811e+01	
-2.97357370013807341456e+06	 8.26086734935115324333e+05	 1.57643087384133972228e+06	 6.73161883758751302958e+06	-2.30982893109505967004e+04	 1.33883773719838238321e+05	 9.71956897031685151160e+06	-9.27142959967765273177e+03	-9.55631360353061609203e+03	
 3.84992861396463285928e+03	-1.05753365729360393743e+03	-2.02511125258426704931e+03	-5.64719966321394167608e+03	 3.11565220734443073525e+01	-7.93073403045523264154e+01	-9.27142959967765273177e+03	 9.15524595560369647274e+01	 1.27000476628789684241e+02	
 4.35215611177474238502e+03	-1.17875023922677701194e+03	-2.20905476481729147054e+03	-5.80128491466555988154e+03	 3.54710172538300909650e+01	-7.33055165617212480811e+01	-9.55631360353061609203e+03	 1.27000476628789684241e+02	 1.80631892087119467760e+02	
