#           w0_fld,          Omega_b,                h,              n_s,           sigma8,        m_nu_camb,     Omega_m_camb,          P_shot0,          P_shot1,          P_shot2,          P_shot3,      lnbsigma8_0,      lnbsigma8_1,      lnbsigma8_2,      lnbsigma8_3
 7.97775946167053043609e+04	 1.62877886195715891517e+04	-9.00283511628022184595e+05	-3.66616604342141290545e+04	 9.60280447371572954580e+04	 5.62307852954213831254e+03	 3.29055226894620165695e+05	 1.30218527136720325643e+01	 1.29653275710380420094e+01	 1.07603996352405282266e+01	 9.62755107593189052295e+00	 1.47646353178134362679e+05	 1.50736908299028262263e+05	 1.31761533553355548065e+05	 1.29941794133948074887e+05	
 1.62877886195715891517e+04	 5.54315795177098177373e+06	 1.72192624088651174679e+06	-1.14202035723430430517e+06	-1.14389748422751930775e+05	 8.69565904860788723454e+04	-2.51144627078180015087e+06	-1.01539023182688168845e+02	-8.97439288144263969116e+01	-6.64361744361624744215e+01	-4.98314752586749847296e+01	-3.30343871102522069123e+05	-2.63744040227706893347e+05	-1.41911281440914724953e+05	 2.69838374204847532383e+04	
-9.00283511628022184595e+05	 1.72192624088651174679e+06	 1.81030680860135070980e+07	-4.44312897259558027145e+05	-2.07346441760793584399e+06	-2.41087719845014580642e+04	-5.79787840809430368245e+06	-3.19499395806025574984e+02	-2.85303061205795017941e+02	-2.17389321882674778408e+02	-1.77884287795786633524e+02	-2.40752298470123531297e+06	-2.31468132311518676579e+06	-1.91912034913324704394e+06	-1.76313577277753455564e+06	
-3.66616604342141290545e+04	-1.14202035723430430517e+06	-4.44312897259558027145e+05	 3.32874852248907263856e+05	 3.25920742703997075296e+03	-2.55000758471368317259e+04	 5.90389380644527263939e+05	 2.82142953561031895049e+01	 2.47729504308530863455e+01	 1.80957601643684142800e+01	 1.31354161009568422003e+01	 6.23628711610937607475e+04	 4.28051725053925692919e+04	 1.15340220462884717563e+04	-3.65824224095565587049e+04	
 9.60280447371572954580e+04	-1.14389748422751930775e+05	-2.07346441760793584399e+06	 3.25920742703997075296e+03	 3.13001427031788392924e+05	 9.27031236008068299270e+03	 4.42971829710419173352e+05	 3.04374975308813517927e+01	 2.66529548069534882870e+01	 2.00415799301006956057e+01	 1.64272014271427977405e+01	 2.43551981271343625849e+05	 2.31185424280063249171e+05	 1.91179886696438537911e+05	 1.79492855868429440306e+05	
 5.62307852954213831254e+03	 8.69565904860788723454e+04	-2.41087719845014580642e+04	-2.55000758471368317259e+04	 9.27031236008068299270e+03	 2.42547582600262603592e+03	-3.72816065726142405765e+04	-1.19978119324006193835e+00	-9.78272264341544239841e-01	-6.50402754660905246809e-01	-3.75496954121524062487e-01	 9.16605496252130024004e+02	 2.65583682632733598439e+03	 4.37391352729560276202e+03	 8.10191398471813408833e+03	
 3.29055226894620165695e+05	-2.51144627078180015087e+06	-5.79787840809430368245e+06	 5.90389380644527263939e+05	 4.42971829710419173352e+05	-3.72816065726142405765e+04	 3.39077759560044715181e+06	 1.31164906491866418037e+02	 1.23285760950409070347e+02	 9.85240636447147721810e+01	 8.43179746016389088936e+01	 9.05437021084836567752e+05	 9.06791935881802928634e+05	 7.66328238054941873997e+05	 6.87178476525763748214e+05	
 1.30218527136720325643e+01	-1.01539023182688168845e+02	-3.19499395806025574984e+02	 2.82142953561031895049e+01	 3.04374975308813517927e+01	-1.19978119324006193835e+00	 1.31164906491866418037e+02	 2.48381056097823418871e-02	0.00000000000000000000e+00	 7.28554213757105079141e-19	0.00000000000000000000e+00	 1.45848516922956065400e+02	0.00000000000000000000e+00	0.00000000000000000000e+00	 1.10259024133085858921e-14	
 1.29653275710380420094e+01	-8.97439288144263969116e+01	-2.85303061205795017941e+02	 2.47729504308530863455e+01	 2.66529548069534882870e+01	-9.78272264341544239841e-01	 1.23285760950409070347e+02	0.00000000000000000000e+00	 2.16952730566547964675e-02	0.00000000000000000000e+00	-6.61426852687201777270e-19	0.00000000000000000000e+00	 1.35098570335600925318e+02	0.00000000000000000000e+00	0.00000000000000000000e+00	
 1.07603996352405282266e+01	-6.64361744361624744215e+01	-2.17389321882674778408e+02	 1.80957601643684142800e+01	 2.00415799301006956057e+01	-6.50402754660905246809e-01	 9.85240636447147721810e+01	 7.28554213757105079141e-19	0.00000000000000000000e+00	 1.61795232351202439292e-02	0.00000000000000000000e+00	0.00000000000000000000e+00	0.00000000000000000000e+00	 1.07026569612814029142e+02	0.00000000000000000000e+00	
 9.62755107593189052295e+00	-4.98314752586749847296e+01	-1.77884287795786633524e+02	 1.31354161009568422003e+01	 1.64272014271427977405e+01	-3.75496954121524062487e-01	 8.43179746016389088936e+01	0.00000000000000000000e+00	-6.61426852687201777270e-19	0.00000000000000000000e+00	 1.29920146681780524639e-02	0.00000000000000000000e+00	0.00000000000000000000e+00	0.00000000000000000000e+00	 9.19280715164730111155e+01	
 1.47646353178134362679e+05	-3.30343871102522069123e+05	-2.40752298470123531297e+06	 6.23628711610937607475e+04	 2.43551981271343625849e+05	 9.16605496252130024004e+02	 9.05437021084836567752e+05	 1.45848516922956065400e+02	0.00000000000000000000e+00	0.00000000000000000000e+00	0.00000000000000000000e+00	 1.27316982188527937979e+06	0.00000000000000000000e+00	0.00000000000000000000e+00	-3.79003495254437439144e-11	
 1.50736908299028262263e+05	-2.63744040227706893347e+05	-2.31468132311518676579e+06	 4.28051725053925692919e+04	 2.31185424280063249171e+05	 2.65583682632733598439e+03	 9.06791935881802928634e+05	0.00000000000000000000e+00	 1.35098570335600925318e+02	0.00000000000000000000e+00	0.00000000000000000000e+00	0.00000000000000000000e+00	 1.25805050498372758739e+06	0.00000000000000000000e+00	0.00000000000000000000e+00	
 1.31761533553355548065e+05	-1.41911281440914724953e+05	-1.91912034913324704394e+06	 1.15340220462884717563e+04	 1.91179886696438537911e+05	 4.37391352729560276202e+03	 7.66328238054941873997e+05	0.00000000000000000000e+00	0.00000000000000000000e+00	 1.07026569612814029142e+02	0.00000000000000000000e+00	0.00000000000000000000e+00	0.00000000000000000000e+00	 1.07456189174784580246e+06	-3.72750719179748557508e-11	
 1.29941794133948074887e+05	 2.69838374204847532383e+04	-1.76313577277753455564e+06	-3.65824224095565587049e+04	 1.79492855868429440306e+05	 8.10191398471813408833e+03	 6.87178476525763748214e+05	 1.10259024133085858921e-14	0.00000000000000000000e+00	0.00000000000000000000e+00	 9.19280715164730111155e+01	-3.79003495254437439144e-11	0.00000000000000000000e+00	-3.72750719179748557508e-11	 1.02597021309488953557e+06	
