#           w0_fld,           wa_fld,          Omega_b,                h,              n_s,           sigma8,     Omega_m_camb,          P_shot0,          P_shot1,          P_shot2,          P_shot3,      lnbsigma8_0,      lnbsigma8_1,      lnbsigma8_2,      lnbsigma8_3
 7.73033438304050796432e+04	 1.60689869606303309411e+04	 4.34344269617673344328e+04	-8.18810601203620200977e+05	-4.19257932068504087511e+04	 9.51826017768148449250e+04	 2.33347441327020118479e+05	 9.24152427407316601204e+00	 1.07183358794900236433e+01	 9.85671808933513027284e+00	 9.66864481457108126961e+00	 1.24097127675314026419e+05	 1.34413259760314424057e+05	 1.24103816856224511866e+05	 1.31121632197901693871e+05	
 1.60689869606303309411e+04	 4.99386637036470438034e+03	 1.76355253736326194485e+04	-4.54066749253991147270e+04	-1.01894829902933015546e+04	-8.56270012604781913979e+03	 6.79262771432253357489e+04	 6.41432402449194638550e-01	 1.22099481380926988550e+00	 1.43051873664203421654e+00	 1.66783853751733524007e+00	 1.95303229722590258461e+04	 2.35196706085282166896e+04	 2.34117415039438637905e+04	 2.63838436993190189241e+04	
 4.34344269617673344328e+04	 1.76355253736326194485e+04	 5.29503449376353528351e+06	 1.84916232456139870919e+06	-1.12193688683926942758e+06	-7.64526149101290502585e+04	-2.23140500872633839026e+06	-9.64301705956739567682e+01	-8.51760010019204827358e+01	-6.30473439588840065539e+01	-4.73732876002709417662e+01	-2.93888778799921914469e+05	-2.31632556901093339548e+05	-1.19367936482902863645e+05	 4.16363533440434548538e+04	
-8.18810601203620200977e+05	-4.54066749253991147270e+04	 1.84916232456139870919e+06	 2.31363067322122752666e+07	-4.28780746483191382140e+05	-3.27197503235369687900e+06	-3.31932448505041189492e+06	-3.43998066647772134274e+02	-3.06259712193597351870e+02	-2.32652845967263033344e+02	-1.90155911078350641219e+02	-2.37121134200464561582e+06	-2.30054517486257944256e+06	-1.92915606918936269358e+06	-1.80724066317677823827e+06	
-4.19257932068504087511e+04	-1.01894829902933015546e+04	-1.12193688683926942758e+06	-4.28780746483191382140e+05	 3.31111080979919235688e+05	-2.25977392112514244218e+04	 5.53174982121081673540e+05	 2.71400935609740940890e+01	 2.38060492840342305954e+01	 1.73731191703354497236e+01	 1.26033037076086706918e+01	 5.44439760671395342797e+04	 3.56987026337271818193e+04	 6.28369295975099521456e+03	-4.08646927457579149632e+04	
 9.51826017768148449250e+04	-8.56270012604781913979e+03	-7.64526149101290502585e+04	-3.27197503235369687900e+06	-2.25977392112514244218e+04	 6.24096682529571349733e+05	 1.06978369473162347276e+04	 3.54168222949490569817e+01	 3.12990308740666485221e+01	 2.38076828624178773453e+01	 1.99438395490436448654e+01	 2.52143791450078773778e+05	 2.47550433360919094412e+05	 2.13354564147645724006e+05	 2.13964178479439549847e+05	
 2.33347441327020118479e+05	 6.79262771432253357489e+04	-2.23140500872633839026e+06	-3.31932448505041189492e+06	 5.53174982121081673540e+05	 1.06978369473162347276e+04	 2.76499608087309356779e+06	 9.81937595373586020742e+01	 9.10485670301370646484e+01	 7.23041497040477452174e+01	 6.14758601057622087183e+01	 6.87015053509855177253e+05	 6.75002109444280155003e+05	 5.57514254479153081775e+05	 4.76952953910813666880e+05	
 9.24152427407316601204e+00	 6.41432402449194638550e-01	-9.64301705956739567682e+01	-3.43998066647772134274e+02	 2.71400935609740940890e+01	 3.54168222949490569817e+01	 9.81937595373586020742e+01	 2.48962232058132885981e-02	0.00000000000000000000e+00	0.00000000000000000000e+00	0.00000000000000000000e+00	 1.35223026165117289565e+02	-1.15029513692022078430e-14	-1.16157083951407003042e-14	0.00000000000000000000e+00	
 1.07183358794900236433e+01	 1.22099481380926988550e+00	-8.51760010019204827358e+01	-3.06259712193597351870e+02	 2.38060492840342305954e+01	 3.12990308740666485221e+01	 9.10485670301370646484e+01	0.00000000000000000000e+00	 2.15654794410309672004e-02	0.00000000000000000000e+00	0.00000000000000000000e+00	0.00000000000000000000e+00	 1.25249697673983050095e+02	 1.13034581694648750272e-14	0.00000000000000000000e+00	
 9.85671808933513027284e+00	 1.43051873664203421654e+00	-6.30473439588840065539e+01	-2.32652845967263033344e+02	 1.73731191703354497236e+01	 2.38076828624178773453e+01	 7.23041497040477452174e+01	0.00000000000000000000e+00	0.00000000000000000000e+00	 1.59339330425261188617e-02	0.00000000000000000000e+00	0.00000000000000000000e+00	-1.06841618885411548945e-14	 9.92507635417393601074e+01	0.00000000000000000000e+00	
 9.66864481457108126961e+00	 1.66783853751733524007e+00	-4.73732876002709417662e+01	-1.90155911078350641219e+02	 1.26033037076086706918e+01	 1.99438395490436448654e+01	 6.14758601057622087183e+01	0.00000000000000000000e+00	0.00000000000000000000e+00	0.00000000000000000000e+00	 1.26551424172567823778e-02	0.00000000000000000000e+00	0.00000000000000000000e+00	0.00000000000000000000e+00	 8.53963193372397029179e+01	
 1.24097127675314026419e+05	 1.95303229722590258461e+04	-2.93888778799921914469e+05	-2.37121134200464561582e+06	 5.44439760671395342797e+04	 2.52143791450078773778e+05	 6.87015053509855177253e+05	 1.35223026165117289565e+02	0.00000000000000000000e+00	0.00000000000000000000e+00	0.00000000000000000000e+00	 1.18498804013356380165e+06	 3.39852590514055918902e-11	-3.43263195645704399794e-11	0.00000000000000000000e+00	
 1.34413259760314424057e+05	 2.35196706085282166896e+04	-2.31632556901093339548e+05	-2.30054517486257944256e+06	 3.56987026337271818193e+04	 2.47550433360919094412e+05	 6.75002109444280155003e+05	-1.15029513692022078430e-14	 1.25249697673983050095e+02	-1.06841618885411548945e-14	0.00000000000000000000e+00	 3.39852590514055918902e-11	 1.17036203145380620845e+06	-3.45963258041592780501e-11	0.00000000000000000000e+00	
 1.24103816856224511866e+05	 2.34117415039438637905e+04	-1.19367936482902863645e+05	-1.92915606918936269358e+06	 6.28369295975099521456e+03	 2.13354564147645724006e+05	 5.57514254479153081775e+05	-1.16157083951407003042e-14	 1.13034581694648750272e-14	 9.92507635417393601074e+01	0.00000000000000000000e+00	-3.43263195645704399794e-11	-3.45963258041592780501e-11	 1.00073841692797234282e+06	0.00000000000000000000e+00	
 1.31121632197901693871e+05	 2.63838436993190189241e+04	 4.16363533440434548538e+04	-1.80724066317677823827e+06	-4.08646927457579149632e+04	 2.13964178479439549847e+05	 4.76952953910813666880e+05	0.00000000000000000000e+00	0.00000000000000000000e+00	0.00000000000000000000e+00	 8.53963193372397029179e+01	0.00000000000000000000e+00	0.00000000000000000000e+00	0.00000000000000000000e+00	 9.60688260499728145078e+05	
