#          Omega_b,                h,              n_s,           sigma8,       N_eff_camb,        m_nu_camb,     Omega_m_camb,           bias_1,           bias_2,           bias_3,           bias_4,           bias_5,           bias_6,           bias_7,           bias_8,           bias_9,          bias_10,              aIA,            etaIA
 2.27717538235410600901e+07	-5.40583152317018061876e+06	-8.19725019591529853642e+06	-3.84780557205512523651e+07	 1.95757997694893419975e+05	-2.21518869639314850792e+06	-1.47174525156520642340e+07	-2.56915052377625182271e+06	-1.96275570735000236891e+06	-1.61624762044972088188e+06	-1.58144999490856099874e+06	-1.49730850343191297725e+06	-1.50732991371883172542e+06	-1.29754985448276111856e+06	-1.41346350643654912710e+06	-1.22258424813886312768e+06	-7.15390495472499169409e+05	 2.04811856638178653611e+02	-4.53772169958393533307e+02	
-5.40583152317018061876e+06	 1.29858380867423908785e+06	 1.98695855951615609229e+06	 9.18101871394329890609e+06	-4.66440758720134108444e+04	 5.24817705761938123032e+05	 3.61618352647714968771e+06	 6.14897797954345587641e+05	 4.57641840191195369698e+05	 3.75977483653004048392e+05	 3.68901574522248178255e+05	 3.51029089147949474864e+05	 3.55105259611782734282e+05	 3.06931705688225338235e+05	 3.35114710367276216857e+05	 2.89376313923722482286e+05	 1.66871940606909804046e+05	-5.45181611094477318602e+01	 1.29521255434452086774e+02	
-8.19725019591529853642e+06	 1.98695855951615609229e+06	 3.12375094564054347575e+06	 1.44311943081167116761e+07	-7.06915768757897894830e+04	 8.25265101512157474644e+05	 5.45383263036019355059e+06	 1.16042487204133276828e+06	 8.01167788910434697755e+05	 6.21806152869365410879e+05	 5.82806126421291497536e+05	 5.33552967547386651859e+05	 5.22363653916624083649e+05	 4.39338026324738748372e+05	 4.67768372173301817384e+05	 3.93276212093513808213e+05	 2.20333996628833294380e+05	-2.97287876417915640559e+02	-9.81697724671475384639e+01	
-3.84780557205512523651e+07	 9.18101871394329890609e+06	 1.44311943081167116761e+07	 7.95916511589240282774e+07	-3.31563757180833024904e+05	 4.69565842959976848215e+06	 2.51657882564829736948e+07	 5.97080724561272189021e+06	 5.06730644955684430897e+06	 4.00829645216990774497e+06	 3.66534190045694774017e+06	 3.20435356152378348634e+06	 2.97677532157164532691e+06	 2.38120098894765460864e+06	 2.43032178567471448332e+06	 2.00240440318016009405e+06	 1.20750114836705429479e+06	 3.40561182246490830039e+02	 1.69246641843635688929e+03	
 1.95757997694893419975e+05	-4.66440758720134108444e+04	-7.06915768757897894830e+04	-3.31563757180833024904e+05	 1.69178041633279303824e+03	-1.90885483733800720074e+04	-1.26788946771772927605e+05	-2.20847416850637964671e+04	-1.69018203902726600063e+04	-1.39286034839493004256e+04	-1.36350732766472465300e+04	-1.29125767926298176462e+04	-1.29989088141663632996e+04	-1.11874424487587020849e+04	-1.21804350779856576992e+04	-1.05237811755177463056e+04	-6.14027161354367672175e+03	 1.97452101460002227284e+00	-3.57238528846846037368e+00	
-2.21518869639314850792e+06	 5.24817705761938123032e+05	 8.25265101512157474644e+05	 4.69565842959976848215e+06	-1.90885483733800720074e+04	 2.95096591559241525829e+05	 1.05215663138399831951e+06	 3.99434630180685548112e+05	 3.21260495507182320580e+05	 2.50363895407695468748e+05	 2.28094725346624007216e+05	 1.99133404715513752308e+05	 1.85672949902531399857e+05	 1.49660815455143165309e+05	 1.54837427348763012560e+05	 1.30950856978553143563e+05	 8.37553502036703284830e+04	-9.27810486306499910825e+01	-1.68901223013614668389e+02	
-1.47174525156520642340e+07	 3.61618352647714968771e+06	 5.45383263036019355059e+06	 2.51657882564829736948e+07	-1.26788946771772927605e+05	 1.05215663138399831951e+06	 2.09821031736744716763e+07	-9.09881515577012323774e+05	 2.86910582767886167858e+05	 5.82458465693457168527e+05	 7.46808752373071853071e+05	 8.26648845326226204634e+05	 9.10601396841765148565e+05	 8.31350895690418779850e+05	 9.47090875555532285944e+05	 8.55062832421156577766e+05	 5.31978298830006038770e+05	 1.63272133898930442228e+04	 2.86498900691359085613e+04	
-2.56915052377625182271e+06	 6.14897797954345587641e+05	 1.16042487204133276828e+06	 5.97080724561272189021e+06	-2.20847416850637964671e+04	 3.99434630180685548112e+05	-9.09881515577012323774e+05	 3.56538886800406035036e+06	 3.61316947792668594047e+05	 7.76884135860521018913e+03	 2.87587362152462992526e+03	 5.09562539585294075550e+02	 1.49938328561903773561e+02	 6.34845702854074289689e+01	 3.02924803086292762089e+01	 2.96488844150685082468e+00	 4.41743895890758864198e+00	 8.14884219445782775892e+01	 4.73853483152829539904e+01	
-1.96275570735000236891e+06	 4.57641840191195369698e+05	 8.01167788910434697755e+05	 5.06730644955684430897e+06	-1.69018203902726600063e+04	 3.21260495507182320580e+05	 2.86910582767886167858e+05	 3.61316947792668594047e+05	 1.87999871085623768158e+06	 3.55081424911366426386e+05	 9.62183266594409906247e+03	 2.30760312462469664752e+03	 3.58260178650615671359e+02	 3.26390032732023342987e+01	 1.18005607424112053394e+01	 1.52197143479245156072e+00	 1.61230930934997118698e+00	-2.40513400625935176436e+01	-2.54304353155964690814e+01	
-1.61624762044972088188e+06	 3.75977483653004048392e+05	 6.21806152869365410879e+05	 4.00829645216990774497e+06	-1.39286034839493004256e+04	 2.50363895407695468748e+05	 5.82458465693457168527e+05	 7.76884135860521018913e+03	 3.55081424911366426386e+05	 1.14274269898334029131e+06	 3.39553811485287151299e+05	 9.01200287593509347062e+03	 2.01980402179108841665e+03	 2.67658957584653364847e+02	 2.97420826662328217083e+01	 6.11394123847274784112e+00	 7.83394788661240681904e-01	 2.62409715958994667062e+01	 2.49475029107934460626e+01	
-1.58144999490856099874e+06	 3.68901574522248178255e+05	 5.82806126421291497536e+05	 3.66534190045694774017e+06	-1.36350732766472465300e+04	 2.28094725346624007216e+05	 7.46808752373071853071e+05	 2.87587362152462992526e+03	 9.62183266594409906247e+03	 3.39553811485287151299e+05	 9.34825444376377388835e+05	 2.99992858623585547321e+05	 1.08609958812056029274e+04	 1.77156691356858300423e+03	 2.32094058871438733149e+02	 1.73947170549986509513e+01	 4.75417589436215237697e+00	 1.37469309555969978476e+01	 1.26586635478915354724e+01	
-1.49730850343191297725e+06	 3.51029089147949474864e+05	 5.33552967547386651859e+05	 3.20435356152378348634e+06	-1.29125767926298176462e+04	 1.99133404715513752308e+05	 8.26648845326226204634e+05	 5.09562539585294075550e+02	 2.30760312462469664752e+03	 9.01200287593509347062e+03	 2.99992858623585547321e+05	 7.52281950044039054774e+05	 2.65859961270878673531e+05	 8.56229961041345450212e+03	 1.62312461843898881853e+03	 1.27781599685241673114e+02	 1.06020698407755453729e+01	 3.31866740204197041564e-01	 5.28861105644188000952e+00	
-1.50732991371883172542e+06	 3.55105259611782734282e+05	 5.22363653916624083649e+05	 2.97677532157164532691e+06	-1.29989088141663632996e+04	 1.85672949902531399857e+05	 9.10601396841765148565e+05	 1.49938328561903773561e+02	 3.58260178650615671359e+02	 2.01980402179108841665e+03	 1.08609958812056029274e+04	 2.65859961270878673531e+05	 6.90392857676469255239e+05	 2.28783527639396430459e+05	 1.18142833281218845514e+04	 9.97013016983490501843e+02	 7.15589528057953145890e+01	 4.11441398837772993602e+01	 4.41116299086748426816e+01	
-1.29754985448276111856e+06	 3.06931705688225338235e+05	 4.39338026324738748372e+05	 2.38120098894765460864e+06	-1.11874424487587020849e+04	 1.49660815455143165309e+05	 8.31350895690418779850e+05	 6.34845702854074289689e+01	 3.26390032732023342987e+01	 2.67658957584653364847e+02	 1.77156691356858300423e+03	 8.56229961041345450212e+03	 2.28783527639396430459e+05	 5.11831420764222391881e+05	 1.94418877437207469484e+05	 4.87207636827846909000e+03	 3.65531612374603298576e+02	 4.24843116888349214832e+01	 5.09804188600531631437e+01	
-1.41346350643654912710e+06	 3.35114710367276216857e+05	 4.67768372173301817384e+05	 2.43032178567471448332e+06	-1.21804350779856576992e+04	 1.54837427348763012560e+05	 9.47090875555532285944e+05	 3.02924803086292762089e+01	 1.18005607424112053394e+01	 2.97420826662328217083e+01	 2.32094058871438733149e+02	 1.62312461843898881853e+03	 1.18142833281218845514e+04	 1.94418877437207469484e+05	 6.00708745896365959197e+05	 1.47999183767596434336e+05	 2.71085982628280999052e+03	 6.03285284764858289464e+01	 8.96681616635558498274e+01	
-1.22258424813886312768e+06	 2.89376313923722482286e+05	 3.93276212093513808213e+05	 2.00240440318016009405e+06	-1.05237811755177463056e+04	 1.30950856978553143563e+05	 8.55062832421156577766e+05	 2.96488844150685082468e+00	 1.52197143479245156072e+00	 6.11394123847274784112e+00	 1.73947170549986509513e+01	 1.27781599685241673114e+02	 9.97013016983490501843e+02	 4.87207636827846909000e+03	 1.47999183767596434336e+05	 5.58256456300983554684e+05	 7.35124020149004354607e+04	-3.16390757992444520141e+01	-6.81851193400404724798e+01	
-7.15390495472499169409e+05	 1.66871940606909804046e+05	 2.20333996628833294380e+05	 1.20750114836705429479e+06	-6.14027161354367672175e+03	 8.37553502036703284830e+04	 5.31978298830006038770e+05	 4.41743895890758864198e+00	 1.61230930934997118698e+00	 7.83394788661240681904e-01	 4.75417589436215237697e+00	 1.06020698407755453729e+01	 7.15589528057953145890e+01	 3.65531612374603298576e+02	 2.71085982628280999052e+03	 7.35124020149004354607e+04	 3.88221540505146607757e+05	-2.26826614787046139554e+02	-3.96524485400331911933e+02	
 2.04811856638178653611e+02	-5.45181611094477318602e+01	-2.97287876417915640559e+02	 3.40561182246490830039e+02	 1.97452101460002227284e+00	-9.27810486306499910825e+01	 1.63272133898930442228e+04	 8.14884219445782775892e+01	-2.40513400625935176436e+01	 2.62409715958994667062e+01	 1.37469309555969978476e+01	 3.31866740204197041564e-01	 4.11441398837772993602e+01	 4.24843116888349214832e+01	 6.03285284764858289464e+01	-3.16390757992444520141e+01	-2.26826614787046139554e+02	 3.26598030718220525159e+03	 5.22496547496987841441e+03	
-4.53772169958393533307e+02	 1.29521255434452086774e+02	-9.81697724671475384639e+01	 1.69246641843635688929e+03	-3.57238528846846037368e+00	-1.68901223013614668389e+02	 2.86498900691359085613e+04	 4.73853483152829539904e+01	-2.54304353155964690814e+01	 2.49475029107934460626e+01	 1.26586635478915354724e+01	 5.28861105644188000952e+00	 4.41116299086748426816e+01	 5.09804188600531631437e+01	 8.96681616635558498274e+01	-6.81851193400404724798e+01	-3.96524485400331911933e+02	 5.22496547496987841441e+03	 8.53566502989621949382e+03	
