#          Omega_b,                h,              n_s,           sigma8,       N_eff_camb,        m_nu_camb,     Omega_m_camb,           bias_1,           bias_2,           bias_3,           bias_4,           bias_5,           bias_6,           bias_7,           bias_8,           bias_9,          bias_10,              aIA,            etaIA
 2.99097641193062365055e+07	-5.65778464913030527532e+06	-6.99091490176977030933e+06	-3.83025604039307087660e+07	 1.81965712525757553522e+05	-6.39562210452035884373e+05	-1.49570663877557851374e+07	-2.55725966795544652268e+06	-1.96845320425611315295e+06	-1.72650179644087492488e+06	-3.37187721938459202647e+05	 9.99348440423207473941e+05	 1.13988993947515846230e+05	-1.15619637286346824840e+06	-1.51159121394597040489e+06	-1.18611135993310832419e+06	-7.10437816965202568099e+05	 1.95703782500716272352e+02	-4.72243597133415050848e+02	
-5.65778464913030527532e+06	 1.42786521611503348686e+06	 2.05205959027321962640e+06	 9.18768698827829584479e+06	-4.47055986725626862608e+04	 1.64124175176274147816e+05	 3.78931772435467876494e+06	 6.70924632145920768380e+05	 4.98291745515327609610e+05	 4.06079788085677137133e+05	 3.95602859923607611563e+05	 3.73884235254651634023e+05	 3.76126684764547273517e+05	 3.23697108970346162096e+05	 3.52253427837612107396e+05	 3.03604587986545753665e+05	 1.75707197536612657132e+05	-5.19561613433173050680e+01	 1.29966891838219311239e+02	
-6.99091490176977030933e+06	 2.05205959027321962640e+06	 3.10776161966960318387e+06	 1.43587729313441067934e+07	-6.54577803904681932181e+04	 2.24074486313351313584e+05	 4.68008043339175730944e+06	 1.15490592272877600044e+06	 7.97983057983987731859e+05	 6.19187947894586250186e+05	 5.80323818040849524550e+05	 5.31092147477643331513e+05	 5.19730062904687365517e+05	 4.36898964622654253617e+05	 4.64752192834475077689e+05	 3.90090706826640525833e+05	 2.17850822646904649446e+05	-2.97299071895607198712e+02	-9.85379707568352500857e+01	
-3.83025604039307087660e+07	 9.18768698827829584479e+06	 1.43587729313441067934e+07	 7.92663115418990403414e+07	-3.02881275271703838371e+05	 1.42256420211217016913e+06	 2.81820991932482458651e+07	 5.94872123423480801284e+06	 5.04967874112944491208e+06	 3.99418511580707039684e+06	 3.65224846423624129966e+06	 3.19216544775729579851e+06	 2.96454778265797439963e+06	 2.37043160706363804638e+06	 2.41777066095634829253e+06	 1.99002436401184648275e+06	 1.19829460802240320481e+06	 3.39027645513510833553e+02	 1.69100016847192318892e+03	
 1.81965712525757553522e+05	-4.47055986725626862608e+04	-6.54577803904681932181e+04	-3.02881275271703838371e+05	 1.47138915689580699109e+03	-4.99149141120397143823e+03	-1.03086135351632809034e+05	-2.05655449049581220606e+04	-1.52775321227398308110e+04	-1.25185525810625840677e+04	-1.22776816596106054931e+04	-1.16846470994321462058e+04	-1.18306578829528843926e+04	-1.02355431172065691499e+04	-1.11908410751657065703e+04	-9.68713622600070812041e+03	-5.60583477216964365653e+03	-2.36896238710214757095e-01	-6.95595841017474203483e+00	
-6.39562210452035884373e+05	 1.64124175176274147816e+05	 2.24074486313351313584e+05	 1.42256420211217016913e+06	-4.99149141120397143823e+03	 2.89290773987772372493e+04	 6.41640845649851136841e+05	 6.97913760645739967003e+04	 8.35290620119101949967e+04	 7.31820382088948681485e+04	 7.02257810419331945013e+04	 6.27494456909131258726e+04	 5.87018176711685373448e+04	 4.69054563433330476983e+04	 4.76098287185040826444e+04	 3.91763010358640458435e+04	 2.48342920264433378179e+04	-1.46645709966013782832e+02	-2.32029136514440125438e+02	
-1.49570663877557851374e+07	 3.78931772435467876494e+06	 4.68008043339175730944e+06	 2.81820991932482458651e+07	-1.03086135351632809034e+05	 6.41640845649851136841e+05	 2.11829200840805433691e+07	-8.44431567369707860053e+05	 3.30587389258661540225e+05	 6.13645863483140943572e+05	 7.73972652569221565500e+05	 8.49170944945306982845e+05	 9.30596154866274329834e+05	 8.46756565935541759245e+05	 9.62115005160871078260e+05	 8.66589157838462851942e+05	 5.38384906896999105811e+05	 1.62806280067511761445e+04	 2.85710460469248209847e+04	
-2.55725966795544652268e+06	 6.70924632145920768380e+05	 1.15490592272877600044e+06	 5.94872123423480801284e+06	-2.05655449049581220606e+04	 6.97913760645739967003e+04	-8.44431567369707860053e+05	 3.55190127614983171225e+06	 3.60416473976716632023e+05	 7.76248026757131083286e+03	 2.85892567130348470528e+03	 5.10598155169630501860e+02	 1.51299227390382128533e+02	 6.40378129768141945988e+01	 3.05075703065782306567e+01	 2.90269567816147855410e+00	 4.45921275853974208303e+00	 8.15439259434357666123e+01	 4.75295441892493499836e+01	
-1.96845320425611315295e+06	 4.98291745515327609610e+05	 7.97983057983987731859e+05	 5.04967874112944491208e+06	-1.52775321227398308110e+04	 8.35290620119101949967e+04	 3.30587389258661540225e+05	 3.60416473976716632023e+05	 1.87285438748013670556e+06	 3.54440712818668107502e+05	 9.60058133195158006856e+03	 2.29156739300291246764e+03	 3.56675302874499379868e+02	 3.30389327105951409180e+01	 1.19683575490008742293e+01	 1.61132088668344763960e+00	 1.65040187112950675896e+00	-2.37491834771331724596e+01	-2.51890253266168429036e+01	
-1.72650179644087492488e+06	 4.06079788085677137133e+05	 6.19187947894586250186e+05	 3.99418511580707039684e+06	-1.25185525810625840677e+04	 7.31820382088948681485e+04	 6.13645863483140943572e+05	 7.76248026757131083286e+03	 3.54440712818668107502e+05	 1.13812266571294819005e+06	 3.38749739746232051402e+05	 9.00592596119053268922e+03	 2.00874906065436789504e+03	 2.65657243310576973272e+02	 2.97001117227072981564e+01	 5.96251412345186082575e+00	 7.62741577731880227020e-01	 2.58563735598454513820e+01	 2.46142496118068265787e+01	
-3.37187721938459202647e+05	 3.95602859923607611563e+05	 5.80323818040849524550e+05	 3.65224846423624129966e+06	-1.22776816596106054931e+04	 7.02257810419331945013e+04	 7.73972652569221565500e+05	 2.85892567130348470528e+03	 9.60058133195158006856e+03	 3.38749739746232051402e+05	 9.31072801984157063998e+05	 2.99184767719127004966e+05	 1.08607232430942094652e+04	 1.76051559712485664022e+03	 2.30389715332079475729e+02	 1.72980434409544656660e+01	 4.70175038087495522632e+00	 1.34158921540552569240e+01	 1.23641870160180360472e+01	
 9.99348440423207473941e+05	 3.73884235254651634023e+05	 5.31092147477643331513e+05	 3.19216544775729579851e+06	-1.16846470994321462058e+04	 6.27494456909131258726e+04	 8.49170944945306982845e+05	 5.10598155169630501860e+02	 2.29156739300291246764e+03	 9.00592596119053268922e+03	 2.99184767719127004966e+05	 7.49106848591194138862e+05	 2.65067966239287459757e+05	 8.56057517530926634208e+03	 1.61150829024070071682e+03	 1.26530365050482146216e+02	 1.04959232560880177942e+01	 8.31583606192600188756e-02	 5.01205748046271537532e+00	
 1.13988993947515846230e+05	 3.76126684764547273517e+05	 5.19730062904687365517e+05	 2.96454778265797439963e+06	-1.18306578829528843926e+04	 5.87018176711685373448e+04	 9.30596154866274329834e+05	 1.51299227390382128533e+02	 3.56675302874499379868e+02	 2.00874906065436789504e+03	 1.08607232430942094652e+04	 2.65067966239287459757e+05	 6.87315673713794210926e+05	 2.27999858226169017144e+05	 1.18030472593677695841e+04	 9.88963680061152672351e+02	 7.08443278286599138482e+01	 4.08455592890097562986e+01	 4.37625133037203113417e+01	
-1.15619637286346824840e+06	 3.23697108970346162096e+05	 4.36898964622654253617e+05	 2.37043160706363804638e+06	-1.02355431172065691499e+04	 4.69054563433330476983e+04	 8.46756565935541759245e+05	 6.40378129768141945988e+01	 3.30389327105951409180e+01	 2.65657243310576973272e+02	 1.76051559712485664022e+03	 8.56057517530926634208e+03	 2.27999858226169017144e+05	 5.09313651882130769081e+05	 1.93693828608807321871e+05	 4.85609025032991303306e+03	 3.62196676050547353043e+02	 4.23638308296069823200e+01	 5.08755017646371356932e+01	
-1.51159121394597040489e+06	 3.52253427837612107396e+05	 4.64752192834475077689e+05	 2.41777066095634829253e+06	-1.11908410751657065703e+04	 4.76098287185040826444e+04	 9.62115005160871078260e+05	 3.05075703065782306567e+01	 1.19683575490008742293e+01	 2.97001117227072981564e+01	 2.30389715332079475729e+02	 1.61150829024070071682e+03	 1.18030472593677695841e+04	 1.93693828608807321871e+05	 5.97456719028468825854e+05	 1.47362009812294680160e+05	 2.69665887598380231793e+03	 6.02784826780027032100e+01	 8.95366151650841857190e+01	
-1.18611135993310832419e+06	 3.03604587986545753665e+05	 3.90090706826640525833e+05	 1.99002436401184648275e+06	-9.68713622600070812041e+03	 3.91763010358640458435e+04	 8.66589157838462851942e+05	 2.90269567816147855410e+00	 1.61132088668344763960e+00	 5.96251412345186082575e+00	 1.72980434409544656660e+01	 1.26530365050482146216e+02	 9.88963680061152672351e+02	 4.85609025032991303306e+03	 1.47362009812294680160e+05	 5.54781394775356980972e+05	 7.30823075144738540985e+04	-3.06122331427485505628e+01	-6.65105623482383521150e+01	
-7.10437816965202568099e+05	 1.75707197536612657132e+05	 2.17850822646904649446e+05	 1.19829460802240320481e+06	-5.60583477216964365653e+03	 2.48342920264433378179e+04	 5.38384906896999105811e+05	 4.45921275853974208303e+00	 1.65040187112950675896e+00	 7.62741577731880227020e-01	 4.70175038087495522632e+00	 1.04959232560880177942e+01	 7.08443278286599138482e+01	 3.62196676050547353043e+02	 2.69665887598380231793e+03	 7.30823075144738540985e+04	 3.85330403657720133197e+05	-2.23866332562641076720e+02	-3.91410241878795090997e+02	
 1.95703782500716272352e+02	-5.19561613433173050680e+01	-2.97299071895607198712e+02	 3.39027645513510833553e+02	-2.36896238710214757095e-01	-1.46645709966013782832e+02	 1.62806280067511761445e+04	 8.15439259434357666123e+01	-2.37491834771331724596e+01	 2.58563735598454513820e+01	 1.34158921540552569240e+01	 8.31583606192600188756e-02	 4.08455592890097562986e+01	 4.23638308296069823200e+01	 6.02784826780027032100e+01	-3.06122331427485505628e+01	-2.23866332562641076720e+02	 3.25847007313731182876e+03	 5.21287655516323684424e+03	
-4.72243597133415050848e+02	 1.29966891838219311239e+02	-9.85379707568352500857e+01	 1.69100016847192318892e+03	-6.95595841017474203483e+00	-2.32029136514440125438e+02	 2.85710460469248209847e+04	 4.75295441892493499836e+01	-2.51890253266168429036e+01	 2.46142496118068265787e+01	 1.23641870160180360472e+01	 5.01205748046271537532e+00	 4.37625133037203113417e+01	 5.08755017646371356932e+01	 8.95366151650841857190e+01	-6.65105623482383521150e+01	-3.91410241878795090997e+02	 5.21287655516323684424e+03	 8.51503064734360850707e+03	
