#          Omega_b,                h,              n_s,           sigma8,       N_eff_camb,        m_nu_camb,     Omega_m_camb,           bias_1,           bias_2,           bias_3,           bias_4,           bias_5,           bias_6,           bias_7,           bias_8,           bias_9,          bias_10,              aIA,            etaIA
 2.56731802291060704738e+06	-5.22460098886133986525e+05	-5.47226157939941156656e+05	-1.24085173683147691190e+06	 2.14726996272442665941e+04	 1.02681045001399452303e+04	-1.79806007865379494615e+06	-9.95950421215923561249e+04	-9.50960273449383093975e+04	-6.95217442430941737257e+04	-5.76530092963489732938e+04	-4.32645123860377789242e+04	-3.19666699449471998378e+04	-1.60472121765834926919e+04	-3.38921590368894248968e+03	 1.54007049555432422494e+04	 4.88165889160430233460e+04	 6.51322042511360223216e+02	 7.78273800985848765777e+02	
-5.22460098886133986525e+05	 1.15784069442309773876e+05	 1.29268897992650294327e+05	 2.19716376602240226930e+05	-4.59637525732747326401e+03	-7.13702586214083839877e+03	 4.24333681653740000911e+05	 1.85197470792014210019e+04	 1.77244365899205586175e+04	 1.18940590008370927535e+04	 8.95881808233705305611e+03	 5.66364826346727932105e+03	 2.69175485674873743847e+03	-6.23174425439932065274e+02	-4.51352350990517425089e+03	-9.83493976487281906884e+03	-1.63560871035760865198e+04	-1.38616796689308955592e+02	-1.53727607149250644625e+02	
-5.47226157939941156656e+05	 1.29268897992650294327e+05	 1.56877305353137751808e+05	 1.82941857961114816135e+05	-4.92829636860615210026e+03	-1.43191476026746950083e+04	 5.23720137242918252014e+05	 2.33644697768811056449e+04	 1.57294598136215208797e+04	 7.24847691039529308910e+03	 2.91393845962329578470e+03	-1.01075805733577703904e+03	-4.89359669302124075330e+03	-7.76965669361392610881e+03	-1.34186119381816097302e+04	-1.92420719667359808227e+04	-2.42111129269105440471e+04	-2.82380825616075526341e+02	-3.27934458736115345800e+02	
-1.24085173683147691190e+06	 2.19716376602240226930e+05	 1.82941857961114816135e+05	 7.08002195905713457614e+06	-5.05535206362316148443e+03	 3.28661423556642141193e+05	 2.66346852385510830209e+06	 5.42090681488421396352e+05	 4.10977031102559296414e+05	 3.09627684701256803237e+05	 2.80647059357087593526e+05	 2.50353074813997140154e+05	 2.44607600825086730765e+05	 2.10983815959678671788e+05	 2.43234335793185222428e+05	 2.46111842037647060351e+05	 2.15188945970395172480e+05	-9.00644612711111676617e+02	-5.46496535261743929368e+02	
 2.14726996272442665941e+04	-4.59637525732747326401e+03	-4.92829636860615210026e+03	-5.05535206362316148443e+03	 1.94201624370629303939e+02	 4.42345528676043500127e+02	-1.55735036917806392012e+04	-3.23975988792870396082e+02	-4.36102830650465421058e+02	-2.89585130847272694155e+02	-2.06746964905706533955e+02	-1.05668892200485188937e+02	-4.83956949278668169256e+00	 1.06436705477344986548e+02	 2.59085703127684951141e+02	 4.56752395925411747157e+02	 7.22683023481187319703e+02	 2.74315819010944128564e+00	 2.49170937404462877751e+00	
 1.02681045001399452303e+04	-7.13702586214083839877e+03	-1.43191476026746950083e+04	 3.28661423556642141193e+05	 4.42345528676043500127e+02	 2.14564383773301487963e+04	-2.36376899266991968034e+04	 3.04478137734940282826e+04	 2.24080873807088064495e+04	 1.81993862077335215872e+04	 1.70863230152712712879e+04	 1.57591498346442531329e+04	 1.59721911108761087235e+04	 1.43028176795572653646e+04	 1.72617696298874143395e+04	 1.86047509331457913504e+04	 1.78775351297603847343e+04	-1.72561069645941074668e+02	-2.57923448033438489801e+02	
-1.79806007865379494615e+06	 4.24333681653740000911e+05	 5.23720137242918252014e+05	 2.66346852385510830209e+06	-1.55735036917806392012e+04	-2.36376899266991968034e+04	 6.07021678452942706645e+06	-5.89295154974687262438e+05	-1.31509779197672760347e+05	-5.67651324327291076770e+04	-2.23303937303019993124e+04	-1.39557239224073146033e+03	 9.45089470760702533880e+03	 1.30893030740604463062e+04	 1.65452450465739893843e+04	 1.28728917101309052669e+04	-7.02647709057392376053e+02	 8.77389857519696852250e+03	 1.52874121648957952857e+04	
-9.95950421215923561249e+04	 1.85197470792014210019e+04	 2.33644697768811056449e+04	 5.42090681488421396352e+05	-3.23975988792870396082e+02	 3.04478137734940282826e+04	-5.89295154974687262438e+05	 4.92080538257389853243e+05	 4.22967797807540555368e+04	 4.90140896448250259709e+02	 6.29670503559490953194e+02	 1.31528708536599783230e+01	 4.20005152813070452567e+01	 4.82943953091887312468e+00	 3.58679446985299499318e+00	-2.60822284227302247928e-03	 1.25804278502307909093e+00	-5.11536935412842375115e+00	-2.57721967088085079922e+00	
-9.50960273449383093975e+04	 1.77244365899205586175e+04	 1.57294598136215208797e+04	 4.10977031102559296414e+05	-4.36102830650465421058e+02	 2.24080873807088064495e+04	-1.31509779197672760347e+05	 4.22967797807540555368e+04	 2.27832657420713687316e+05	 3.20814459361443150556e+04	 6.46300661820442314820e+01	 6.90040266057559961155e+02	-2.09588292774210032121e+01	 2.11152539270758978773e+01	 5.57228871738523601209e+00	 1.08833991033751686928e-01	 8.13550527981682591872e-01	-5.93757910686668708422e+01	-4.38631457046701029867e+01	
-6.95217442430941737257e+04	 1.18940590008370927535e+04	 7.24847691039529308910e+03	 3.09627684701256803237e+05	-2.89585130847272694155e+02	 1.81993862077335215872e+04	-5.67651324327291076770e+04	 4.90140896448250259709e+02	 3.20814459361443150556e+04	 1.51268503245530097047e+05	 3.28120929689357508323e+04	-1.46102831259987226531e+02	 5.53988170931378590467e+02	 1.33652294391061214895e+01	 4.35030654017633189312e+00	 5.15814359971545854933e+00	 4.20608293251270026758e-02	-6.55922961700577502597e+01	-5.39354598602725445744e+01	
-5.76530092963489732938e+04	 8.95881808233705305611e+03	 2.91393845962329578470e+03	 2.80647059357087593526e+05	-2.06746964905706533955e+02	 1.70863230152712712879e+04	-2.23303937303019993124e+04	 6.29670503559490953194e+02	 6.46300661820442314820e+01	 3.28120929689357508323e+04	 1.22191344356550893281e+05	 2.94811713969328411622e+04	 2.09428460318696750164e+02	 3.96368858018022535816e+02	 5.09718631976625786706e+01	 6.64366720425737256051e+00	 3.79302292630963933107e+00	-1.12675410087558063310e+02	-1.07774665314179912912e+02	
-4.32645123860377789242e+04	 5.66364826346727932105e+03	-1.01075805733577703904e+03	 2.50353074813997140154e+05	-1.05668892200485188937e+02	 1.57591498346442531329e+04	-1.39557239224073146033e+03	 1.31528708536599783230e+01	 6.90040266057559961155e+02	-1.46102831259987226531e+02	 2.94811713969328411622e+04	 9.90180447205958480481e+04	 2.66817097090180031955e+04	 4.40448512528635319541e+02	 3.43290736831332765178e+02	 5.69665085535048802967e+01	 7.55826637272739887408e+00	-7.62478723619179987736e+01	-7.66400724150670100698e+01	
-3.19666699449471998378e+04	 2.69175485674873743847e+03	-4.89359669302124075330e+03	 2.44607600825086730765e+05	-4.83956949278668169256e+00	 1.59721911108761087235e+04	 9.45089470760702533880e+03	 4.20005152813070452567e+01	-2.09588292774210032121e+01	 5.53988170931378590467e+02	 2.09428460318696750164e+02	 2.66817097090180031955e+04	 9.28125012971554097021e+04	 2.35581569414318291820e+04	 9.63677537878960492890e+02	 2.70932724198209029964e+02	 4.83421193478319537462e+01	-3.87796015564550131671e+01	-4.82314989789729224867e+01	
-1.60472121765834926919e+04	-6.23174425439932065274e+02	-7.76965669361392610881e+03	 2.10983815959678671788e+05	 1.06436705477344986548e+02	 1.43028176795572653646e+04	 1.30893030740604463062e+04	 4.82943953091887312468e+00	 2.11152539270758978773e+01	 1.33652294391061214895e+01	 3.96368858018022535816e+02	 4.40448512528635319541e+02	 2.35581569414318291820e+04	 7.38157869466101255966e+04	 1.96935627803940587910e+04	 6.90489654755670699160e+02	 1.13604928954600893576e+02	-2.84846003261535400952e+01	-3.88948069245850263087e+01	
-3.38921590368894248968e+03	-4.51352350990517425089e+03	-1.34186119381816097302e+04	 2.43234335793185222428e+05	 2.59085703127684951141e+02	 1.72617696298874143395e+04	 1.65452450465739893843e+04	 3.58679446985299499318e+00	 5.57228871738523601209e+00	 4.35030654017633189312e+00	 5.09718631976625786706e+01	 3.43290736831332765178e+02	 9.63677537878960492890e+02	 1.96935627803940587910e+04	 9.17452655966091988375e+04	 1.63095881226914389117e+04	 6.07687178311351885895e+02	-2.88342153717110001310e+01	-3.38772137145681142556e+01	
 1.54007049555432422494e+04	-9.83493976487281906884e+03	-1.92420719667359808227e+04	 2.46111842037647060351e+05	 4.56752395925411747157e+02	 1.86047509331457913504e+04	 1.28728917101309052669e+04	-2.60822284227302247928e-03	 1.08833991033751686928e-01	 5.15814359971545854933e+00	 6.64366720425737256051e+00	 5.69665085535048802967e+01	 2.70932724198209029964e+02	 6.90489654755670699160e+02	 1.63095881226914389117e+04	 9.49963323062525305431e+04	 1.11667710799499836867e+04	-1.32694025723507422754e+02	-2.27861326475173996187e+02	
 4.88165889160430233460e+04	-1.63560871035760865198e+04	-2.42111129269105440471e+04	 2.15188945970395172480e+05	 7.22683023481187319703e+02	 1.78775351297603847343e+04	-7.02647709057392376053e+02	 1.25804278502307909093e+00	 8.13550527981682591872e-01	 4.20608293251270026758e-02	 3.79302292630963933107e+00	 7.55826637272739887408e+00	 4.83421193478319537462e+01	 1.13604928954600893576e+02	 6.07687178311351885895e+02	 1.11667710799499836867e+04	 8.64600974587623495609e+04	-3.28969536450148666518e+02	-5.79223630600579440397e+02	
 6.51322042511360223216e+02	-1.38616796689308955592e+02	-2.82380825616075526341e+02	-9.00644612711111676617e+02	 2.74315819010944128564e+00	-1.72561069645941074668e+02	 8.77389857519696852250e+03	-5.11536935412842375115e+00	-5.93757910686668708422e+01	-6.55922961700577502597e+01	-1.12675410087558063310e+02	-7.62478723619179987736e+01	-3.87796015564550131671e+01	-2.84846003261535400952e+01	-2.88342153717110001310e+01	-1.32694025723507422754e+02	-3.28969536450148666518e+02	 1.71280139832930558441e+03	 2.78604960113224160523e+03	
 7.78273800985848765777e+02	-1.53727607149250644625e+02	-3.27934458736115345800e+02	-5.46496535261743929368e+02	 2.49170937404462877751e+00	-2.57923448033438489801e+02	 1.52874121648957952857e+04	-2.57721967088085079922e+00	-4.38631457046701029867e+01	-5.39354598602725445744e+01	-1.07774665314179912912e+02	-7.66400724150670100698e+01	-4.82314989789729224867e+01	-3.88948069245850263087e+01	-3.38772137145681142556e+01	-2.27861326475173996187e+02	-5.79223630600579440397e+02	 2.78604960113224160523e+03	 4.61184348153829523653e+03	
