#          Omega_b,                h,              n_s,           sigma8,       N_eff_camb,        m_nu_camb,     Omega_m_camb,           bias_1,           bias_2,           bias_3,           bias_4,           bias_5,           bias_6,           bias_7,           bias_8,           bias_9,          bias_10,              aIA,            etaIA
 2.56424165342874871567e+06	-5.25075509301536483690e+05	-5.46233875607427791692e+05	-1.23815385341397696175e+06	 2.17346370173327341035e+04	 3.66211361494740121998e+04	-1.80036567315298505127e+06	-9.85728282519957574550e+04	-9.45178187023905629758e+04	-6.91499726161833386868e+04	-5.73806182940729340771e+04	-4.30760232011358530144e+04	-3.18239503109299475909e+04	-1.59530018937761997222e+04	-3.30439227269177445123e+03	 1.54561853269784423901e+04	 4.88315981377472344320e+04	 6.52131131696018769617e+02	 7.79645073238035365648e+02	
-5.25075509301536483690e+05	 1.15973860421100383974e+05	 1.28180485994712158572e+05	 2.59770045653734880034e+05	-4.60497763050871981250e+03	-8.26334466854014317505e+03	 4.17478531254840549082e+05	 2.25567052933393242711e+04	 2.08959494272663796437e+04	 1.45608278958766004507e+04	 1.14644833644328100490e+04	 7.94545613502906144276e+03	 4.95383646282066183630e+03	 1.34484275304694256192e+03	-2.22434861776690195256e+03	-7.48321349160292902525e+03	-1.42426276867749693338e+04	-1.54323123923340205010e+02	-1.76517046826541701421e+02	
-5.46233875607427791692e+05	 1.28180485994712158572e+05	 1.56628228056990512414e+05	 1.81518483831504039699e+05	-4.83026953383091313299e+03	-1.05772287337957823183e+04	 5.22489272648542362731e+05	 2.29448699401795784070e+04	 1.54937183250086272892e+04	 7.09887474131559793022e+03	 2.80115454173741818522e+03	-1.09216743028888186018e+03	-4.95628745015503045579e+03	-7.80887942657338953723e+03	-1.34492851242468459532e+04	-1.92578111277316711494e+04	-2.42053293927943886956e+04	-2.82630002498718738480e+02	-3.28378192509921063902e+02	
-1.23815385341397696175e+06	 2.59770045653734880034e+05	 1.81518483831504039699e+05	 7.08323291988970618695e+06	-8.60789542117322889681e+03	 1.07715734103634196799e+05	 2.70315109800644963980e+06	 5.42869811842836672440e+05	 4.11232209059517248534e+05	 3.09668170913605252281e+05	 2.80619229185938311275e+05	 2.50275075670141406590e+05	 2.44475921094622171950e+05	 2.10819858765379292890e+05	 2.42987045398579444736e+05	 2.45790304237675009063e+05	 2.14766826002678979421e+05	-8.98684581724812460379e+02	-5.43163752988854184878e+02	
 2.17346370173327341035e+04	-4.60497763050871981250e+03	-4.83026953383091313299e+03	-8.60789542117322889681e+03	 1.93661566760457674263e+02	 3.59582808846704779171e+02	-1.49126107165101839200e+04	-7.27714690838006390550e+02	-7.31523681714656049735e+02	-5.30333593651459750618e+02	-4.29228193947101715366e+02	-3.05774439376585291939e+02	-2.01342240704280442287e+02	-6.32501475949399747378e+01	 6.29153140302989299926e+01	 2.56363036696043877782e+02	 5.43597599126871273256e+02	 4.10729141360488902990e+00	 4.46236798193381645206e+00	
 3.66211361494740121998e+04	-8.26334466854014317505e+03	-1.05772287337957823183e+04	 1.07715734103634196799e+05	 3.59582808846704779171e+02	 3.42665294817185485954e+03	 9.67692714242102738353e+03	 6.96515046328078005899e+03	 4.36137219805019776686e+03	 3.27891375005562076694e+03	 3.20542603074688213383e+03	 3.22799083597355502206e+03	 3.63301885914545528067e+03	 3.63224500930134990995e+03	 4.91120624904780561337e+03	 5.99236156815547383303e+03	 6.64139803546429902781e+03	-9.86980904557406688582e+01	-1.49936707816087846368e+02	
-1.80036567315298505127e+06	 4.17478531254840549082e+05	 5.22489272648542362731e+05	 2.70315109800644963980e+06	-1.49126107165101839200e+04	 9.67692714242102738353e+03	 6.05596539453108143061e+06	-5.85499013638957636431e+05	-1.28360031774473929545e+05	-5.40209749699117382988e+04	-1.97428911328950816824e+04	 9.85452137750735232657e+02	 1.18226972316173432773e+04	 1.51602160451966774417e+04	 1.89559224403006010107e+04	 1.53557450361813134805e+04	 1.52573820612028748656e+03	 8.74797817580619084765e+03	 1.52465071889032897161e+04	
-9.85728282519957574550e+04	 2.25567052933393242711e+04	 2.29448699401795784070e+04	 5.42869811842836672440e+05	-7.27714690838006390550e+02	 6.96515046328078005899e+03	-5.85499013638957636431e+05	 4.91903746801730419975e+05	 4.22801986439823522232e+04	 4.83315965351845761688e+02	 6.30039748164475668091e+02	 1.31167280329303608255e+01	 4.18932934405668149225e+01	 4.89202015783898325196e+00	 3.60197904830158321943e+00	 2.54419783490966722184e-03	 1.27045795586804999289e+00	-5.07600121717304109126e+00	-2.57095826143162042854e+00	
-9.45178187023905629758e+04	 2.08959494272663796437e+04	 1.54937183250086272892e+04	 4.11232209059517248534e+05	-7.31523681714656049735e+02	 4.36137219805019776686e+03	-1.28360031774473929545e+05	 4.22801986439823522232e+04	 2.27637829079223156441e+05	 3.20762563135613781924e+04	 5.85792331159366312932e+01	 6.89475726449057447098e+02	-2.07563780649010354296e+01	 2.08595558181155347199e+01	 5.59731989462684964565e+00	 9.65103852631248315674e-02	 8.17214756668601438605e-01	-5.93329598902264123694e+01	-4.38424861420430218573e+01	
-6.91499726161833386868e+04	 1.45608278958766004507e+04	 7.09887474131559793022e+03	 3.09668170913605252281e+05	-5.30333593651459750618e+02	 3.27891375005562076694e+03	-5.40209749699117382988e+04	 4.83315965351845761688e+02	 3.20762563135613781924e+04	 1.51054937613691174192e+05	 3.28060964831092278473e+04	-1.48629763480437588896e+02	 5.52170593290470378633e+02	 1.37763445731172353703e+01	 4.14629121139571488186e+00	 5.12807124791421209409e+00	 3.78599103773478162793e-02	-6.55641648441770144018e+01	-5.39192408075977596127e+01	
-5.73806182940729340771e+04	 1.14644833644328100490e+04	 2.80115454173741818522e+03	 2.80619229185938311275e+05	-4.29228193947101715366e+02	 3.20542603074688213383e+03	-1.97428911328950816824e+04	 6.30039748164475668091e+02	 5.85792331159366312932e+01	 3.28060964831092278473e+04	 1.22006033752797855414e+05	 2.94722579285011379397e+04	 2.06985049291246753000e+02	 3.94893207790233645937e+02	 5.10292703796173654496e+01	 6.49810461821023821471e+00	 3.76199450499257004310e+00	-1.12489049740813356948e+02	-1.07595516516997491863e+02	
-4.30760232011358530144e+04	 7.94545613502906144276e+03	-1.09216743028888186018e+03	 2.50275075670141406590e+05	-3.05774439376585291939e+02	 3.22799083597355502206e+03	 9.85452137750735232657e+02	 1.31167280329303608255e+01	 6.89475726449057447098e+02	-1.48629763480437588896e+02	 2.94722579285011379397e+04	 9.88536265618901525158e+04	 2.66686871693006760324e+04	 4.37994632084779141223e+02	 3.41871781424098116986e+02	 5.66695865006628309857e+01	 7.47429014002812053263e+00	-7.62117658659018104572e+01	-7.66059924742252320584e+01	
-3.18239503109299475909e+04	 4.95383646282066183630e+03	-4.95628745015503045579e+03	 2.44475921094622171950e+05	-2.01342240704280442287e+02	 3.63301885914545528067e+03	 1.18226972316173432773e+04	 4.18932934405668149225e+01	-2.07563780649010354296e+01	 5.52170593290470378633e+02	 2.06985049291246753000e+02	 2.66686871693006760324e+04	 9.26498561828204838093e+04	 2.35449752978085234645e+04	 9.60824479331413840555e+02	 2.69624556685232391828e+02	 4.80274493754414422142e+01	-3.87439931243423387741e+01	-4.81965681047449265861e+01	
-1.59530018937761997222e+04	 1.34484275304694256192e+03	-7.80887942657338953723e+03	 2.10819858765379292890e+05	-6.32501475949399747378e+01	 3.63224500930134990995e+03	 1.51602160451966774417e+04	 4.89202015783898325196e+00	 2.08595558181155347199e+01	 1.37763445731172353703e+01	 3.94893207790233645937e+02	 4.37994632084779141223e+02	 2.35449752978085234645e+04	 7.36655813556710199919e+04	 1.96832499099398737599e+04	 6.88274270032524100316e+02	 1.13015202636826501248e+02	-2.84222982823328393920e+01	-3.87724244817002983154e+01	
-3.30439227269177445123e+03	-2.22434861776690195256e+03	-1.34492851242468459532e+04	 2.42987045398579444736e+05	 6.29153140302989299926e+01	 4.91120624904780561337e+03	 1.89559224403006010107e+04	 3.60197904830158321943e+00	 5.59731989462684964565e+00	 4.14629121139571488186e+00	 5.10292703796173654496e+01	 3.41871781424098116986e+02	 9.60824479331413840555e+02	 1.96832499099398737599e+04	 9.15605853076928760856e+04	 1.62945494963221935905e+04	 6.05151775758291819329e+02	-2.88331993834992559300e+01	-3.39405737012022825638e+01	
 1.54561853269784423901e+04	-7.48321349160292902525e+03	-1.92578111277316711494e+04	 2.45790304237675009063e+05	 2.56363036696043877782e+02	 5.99236156815547383303e+03	 1.53557450361813134805e+04	 2.54419783490966722184e-03	 9.65103852631248315674e-02	 5.12807124791421209409e+00	 6.49810461821023821471e+00	 5.66695865006628309857e+01	 2.69624556685232391828e+02	 6.88274270032524100316e+02	 1.62945494963221935905e+04	 9.48027475375358480960e+04	 1.11475807609914882050e+04	-1.32087795067076086752e+02	-2.26756920089436903254e+02	
 4.88315981377472344320e+04	-1.42426276867749693338e+04	-2.42053293927943886956e+04	 2.14766826002678979421e+05	 5.43597599126871273256e+02	 6.64139803546429902781e+03	 1.52573820612028748656e+03	 1.27045795586804999289e+00	 8.17214756668601438605e-01	 3.78599103773478162793e-02	 3.76199450499257004310e+00	 7.47429014002812053263e+00	 4.80274493754414422142e+01	 1.13015202636826501248e+02	 6.05151775758291819329e+02	 1.11475807609914882050e+04	 8.62480559167143655941e+04	-3.27674696305014208519e+02	-5.76774097871902540646e+02	
 6.52131131696018769617e+02	-1.54323123923340205010e+02	-2.82630002498718738480e+02	-8.98684581724812460379e+02	 4.10729141360488902990e+00	-9.86980904557406688582e+01	 8.74797817580619084765e+03	-5.07600121717304109126e+00	-5.93329598902264123694e+01	-6.55641648441770144018e+01	-1.12489049740813356948e+02	-7.62117658659018104572e+01	-3.87439931243423387741e+01	-2.84222982823328393920e+01	-2.88331993834992559300e+01	-1.32087795067076086752e+02	-3.27674696305014208519e+02	 1.71158542021093239782e+03	 2.78367223039291275200e+03	
 7.79645073238035365648e+02	-1.76517046826541701421e+02	-3.28378192509921063902e+02	-5.43163752988854184878e+02	 4.46236798193381645206e+00	-1.49936707816087846368e+02	 1.52465071889032897161e+04	-2.57095826143162042854e+00	-4.38424861420430218573e+01	-5.39192408075977596127e+01	-1.07595516516997491863e+02	-7.66059924742252320584e+01	-4.81965681047449265861e+01	-3.87724244817002983154e+01	-3.39405737012022825638e+01	-2.26756920089436903254e+02	-5.76774097871902540646e+02	 2.78367223039291275200e+03	 4.60799133780223201029e+03	
