#          Omega_b,                h,              n_s,           sigma8,       N_eff_camb,        m_nu_camb,     Omega_m_camb,           bias_1,           bias_2,           bias_3,           bias_4,           bias_5,           bias_6,           bias_7,           bias_8,           bias_9,          bias_10,              aIA,            etaIA
 2.56685651074240449816e+06	-5.18665382196494494565e+05	-5.45834334866110468283e+05	-1.24078027868854021654e+06	 2.12229897498536993226e+04	-9.91699830651842057705e+03	-1.79460796236425521784e+06	-9.87952285839417017996e+04	-9.47017622497874835972e+04	-6.93375702565218089148e+04	-5.75355707431832706789e+04	-4.32014130234793265117e+04	-3.19435494689065963030e+04	-1.60438946720315543644e+04	-3.40714188572844841474e+03	 1.53539280574120675738e+04	 4.87896161052957759239e+04	 6.51719183897304446873e+02	 7.78971846214713082190e+02	
-5.18665382196494494565e+05	 1.14355480988461320521e+05	 1.28459652427726105088e+05	 2.07673548358389467467e+05	-4.52907076999078526569e+03	-3.95841004041984615469e+03	 4.26873684611911536194e+05	 1.46774089959091434139e+04	 1.60777440373160443414e+04	 1.09601801666512837983e+04	 8.28327087861259860802e+03	 5.18319425901720842376e+03	 2.31603888726173317991e+03	-8.82226783721598280863e+02	-4.74470338628532590519e+03	-1.00007957211093562364e+04	-1.64415593189283063111e+04	-1.41377144220427823029e+02	-1.58442168087650884445e+02	
-5.45834334866110468283e+05	 1.28459652427726105088e+05	 1.56246236545856314478e+05	 1.82759282096841663588e+05	-4.86853141300233437505e+03	-1.02629173845352070202e+04	 5.22421402992500166874e+05	 2.30933655461334856227e+04	 1.56050024902904642659e+04	 7.20460085506817995338e+03	 2.89626497939414866778e+03	-1.00835116166991724640e+03	-4.87713938774048438063e+03	-7.74461315276999994239e+03	-1.33791605823723784852e+04	-1.91912474807623002562e+04	-2.41536532925285391684e+04	-2.83898577160309685041e+02	-3.30026577156836310678e+02	
-1.24078027868854021654e+06	 2.07673548358389467467e+05	 1.82759282096841663588e+05	 7.09312149263868015260e+06	-4.21907180732754568453e+03	 3.94011160955899162218e+05	 2.64701866690916568041e+06	 5.43784372432485222816e+05	 4.11867668550304486416e+05	 3.10233954413733328693e+05	 2.81106344073541928083e+05	 2.50704404573406733107e+05	 2.44907887283381656744e+05	 2.11210511408107704483e+05	 2.43460052758059726330e+05	 2.46299231969045766164e+05	 2.15309801533307880163e+05	-9.00922657764831001259e+02	-5.46839970031685879803e+02	
 2.12229897498536993226e+04	-4.52907076999078526569e+03	-4.86853141300233437505e+03	-4.21907180732754568453e+03	 1.91648919097954205881e+02	 3.85772728246920792117e+02	-1.57715237728296324349e+04	-6.77751610115245171073e+01	-3.26623718410981837224e+02	-2.26574260060116642990e+02	-1.60520080919278939291e+02	-7.22432827208360492932e+01	 2.16975625851350031326e+01	 1.25076747435113531992e+02	 2.76055246173855493907e+02	 4.69232546990556159017e+02	 7.29501176697053779208e+02	 2.88020521220725100875e+00	 2.72802946521697409210e+00	
-9.91699830651842057705e+03	-3.95841004041984615469e+03	-1.02629173845352070202e+04	 3.94011160955899162218e+05	 3.85772728246920792117e+02	 2.95971146997901887516e+04	-4.15705820968163461657e+04	 5.07564813336127845105e+04	 3.09345230913467421487e+04	 2.30335067023111514573e+04	 2.05819502512268300052e+04	 1.82538337584192559007e+04	 1.79316809795665540150e+04	 1.56565544613688543905e+04	 1.84788766240771219600e+04	 1.94788030253507822636e+04	 1.83166063858963898383e+04	-1.38395165521705195033e+02	-2.00678089188234650919e+02	
-1.79460796236425521784e+06	 4.26873684611911536194e+05	 5.22421402992500166874e+05	 2.64701866690916568041e+06	-1.57715237728296324349e+04	-4.15705820968163461657e+04	 6.08039700271347723901e+06	-5.94792809834244661033e+05	-1.33629626948512886884e+05	-5.79651892459630907979e+04	-2.31791678704694131739e+04	-1.98828069048407132868e+03	 8.99924126738975792250e+03	 1.27877074924295557139e+04	 1.62834965966402833146e+04	 1.26938937832783703925e+04	-7.89529578476949154719e+02	 8.78024217349025093426e+03	 1.52986596309848846431e+04	
-9.87952285839417017996e+04	 1.46774089959091434139e+04	 2.30933655461334856227e+04	 5.43784372432485222816e+05	-6.77751610115245171073e+01	 5.07564813336127845105e+04	-5.94792809834244661033e+05	 4.92651667189694882836e+05	 4.23115973054750211304e+04	 4.92396049952057069277e+02	 6.29986922533007714264e+02	 1.29520403586297696563e+01	 4.20930184166266982970e+01	 4.78900073900638645341e+00	 3.57203002950042858288e+00	 1.04810504685559635618e-03	 1.25626786387539368661e+00	-5.07650444696069946815e+00	-2.55643865278406678954e+00	
-9.47017622497874835972e+04	 1.60777440373160443414e+04	 1.56050024902904642659e+04	 4.11867668550304486416e+05	-3.26623718410981837224e+02	 3.09345230913467421487e+04	-1.33629626948512886884e+05	 4.23115973054750211304e+04	 2.27965809326210233849e+05	 3.20894839021660591243e+04	 6.55460093539038695098e+01	 6.90604921708367669453e+02	-2.10596199640651633445e+01	 2.11757838419957629128e+01	 5.58322756450772317294e+00	 1.09567078739939205434e-01	 8.14714128366556877836e-01	-5.93592129639493819582e+01	-4.38520792869381637047e+01	
-6.93375702565218089148e+04	 1.09601801666512837983e+04	 7.20460085506817995338e+03	 3.10233954413733328693e+05	-2.26574260060116642990e+02	 2.30335067023111514573e+04	-5.79651892459630907979e+04	 4.92396049952057069277e+02	 3.20894839021660591243e+04	 1.51363367024528852198e+05	 3.28168091160195326665e+04	-1.46393004667762653526e+02	 5.54614320367805703427e+02	 1.32704407679863312097e+01	 4.35679085325717707633e+00	 5.15986844047185222450e+00	 3.81999046580752121827e-02	-6.54549840541178298281e+01	-5.38172038660198666093e+01	
-5.75355707431832706789e+04	 8.28327087861259860802e+03	 2.89626497939414866778e+03	 2.81106344073541928083e+05	-1.60520080919278939291e+02	 2.05819502512268300052e+04	-2.31791678704694131739e+04	 6.29986922533007714264e+02	 6.55460093539038695098e+01	 3.28168091160195326665e+04	 1.22249964467422643793e+05	 2.94858513682806878933e+04	 2.09404083249019805635e+02	 3.96714641980081921702e+02	 5.09517252493673140634e+01	 6.64428733126093007400e+00	 3.80252788845686495733e+00	-1.12546345171212180958e+02	-1.07657097967474896905e+02	
-4.32014130234793265117e+04	 5.18319425901720842376e+03	-1.00835116166991724640e+03	 2.50704404573406733107e+05	-7.22432827208360492932e+01	 1.82538337584192559007e+04	-1.98828069048407132868e+03	 1.29520403586297696563e+01	 6.90604921708367669453e+02	-1.46393004667762653526e+02	 2.94858513682806878933e+04	 9.90567096307795873145e+04	 2.66861951996298485028e+04	 4.40630732105428933210e+02	 3.43488774998580311149e+02	 5.69956049785040619327e+01	 7.56399824834899803250e+00	-7.61154404399370747569e+01	-7.64994814877172757406e+01	
-3.19435494689065963030e+04	 2.31603888726173317991e+03	-4.87713938774048438063e+03	 2.44907887283381656744e+05	 2.16975625851350031326e+01	 1.79316809795665540150e+04	 8.99924126738975792250e+03	 4.20930184166266982970e+01	-2.10596199640651633445e+01	 5.54614320367805703427e+02	 2.09404083249019805635e+02	 2.66861951996298485028e+04	 9.28414329106618970400e+04	 2.35614954830627648334e+04	 9.63944512579354295667e+02	 2.71056131227745595424e+02	 4.83712816273932162403e+01	-3.86728023796004407586e+01	-4.81104408383149291240e+01	
-1.60438946720315543644e+04	-8.82226783721598280863e+02	-7.74461315276999994239e+03	 2.11210511408107704483e+05	 1.25076747435113531992e+02	 1.56565544613688543905e+04	 1.27877074924295557139e+04	 4.78900073900638645341e+00	 2.11757838419957629128e+01	 1.32704407679863312097e+01	 3.96714641980081921702e+02	 4.40630732105428933210e+02	 2.35614954830627648334e+04	 7.38365416694361192640e+04	 1.96954442562781841843e+04	 6.90698029399014103547e+02	 1.13640967225309196920e+02	-2.84211582351680043246e+01	-3.88195712140998239192e+01	
-3.40714188572844841474e+03	-4.74470338628532590519e+03	-1.33791605823723784852e+04	 2.43460052758059726330e+05	 2.76055246173855493907e+02	 1.84788766240771219600e+04	 1.62834965966402833146e+04	 3.57203002950042858288e+00	 5.58322756450772317294e+00	 4.35679085325717707633e+00	 5.09517252493673140634e+01	 3.43488774998580311149e+02	 9.63944512579354295667e+02	 1.96954442562781841843e+04	 9.17660045447680749930e+04	 1.63113514589768856240e+04	 6.07866275427313553337e+02	-2.87987945993438003711e+01	-3.38217940479895275985e+01	
 1.53539280574120675738e+04	-1.00007957211093562364e+04	-1.91912474807623002562e+04	 2.46299231969045766164e+05	 4.69232546990556159017e+02	 1.94788030253507822636e+04	 1.26938937832783703925e+04	 1.04810504685559635618e-03	 1.09567078739939205434e-01	 5.15986844047185222450e+00	 6.64428733126093007400e+00	 5.69956049785040619327e+01	 2.71056131227745595424e+02	 6.90698029399014103547e+02	 1.63113514589768856240e+04	 9.50119391358836874133e+04	 1.11680636310201516608e+04	-1.32904048038313590041e+02	-2.28213279941406540274e+02	
 4.87896161052957759239e+04	-1.64415593189283063111e+04	-2.41536532925285391684e+04	 2.15309801533307880163e+05	 7.29501176697053779208e+02	 1.83166063858963898383e+04	-7.89529578476949154719e+02	 1.25626786387539368661e+00	 8.14714128366556877836e-01	 3.81999046580752121827e-02	 3.80252788845686495733e+00	 7.56399824834899803250e+00	 4.83712816273932162403e+01	 1.13640967225309196920e+02	 6.07866275427313553337e+02	 1.11680636310201516608e+04	 8.64694302112786535872e+04	-3.29529238067845994919e+02	-5.80212264852317048280e+02	
 6.51719183897304446873e+02	-1.41377144220427823029e+02	-2.83898577160309685041e+02	-9.00922657764831001259e+02	 2.88020521220725100875e+00	-1.38395165521705195033e+02	 8.78024217349025093426e+03	-5.07650444696069946815e+00	-5.93592129639493819582e+01	-6.54549840541178298281e+01	-1.12546345171212180958e+02	-7.61154404399370747569e+01	-3.86728023796004407586e+01	-2.84211582351680043246e+01	-2.87987945993438003711e+01	-1.32904048038313590041e+02	-3.29529238067845994919e+02	 1.71422317726693108852e+03	 2.78840901909363628874e+03	
 7.78971846214713082190e+02	-1.58442168087650884445e+02	-3.30026577156836310678e+02	-5.46839970031685879803e+02	 2.72802946521697409210e+00	-2.00678089188234650919e+02	 1.52986596309848846431e+04	-2.55643865278406678954e+00	-4.38520792869381637047e+01	-5.38172038660198666093e+01	-1.07657097967474896905e+02	-7.64994814877172757406e+01	-4.81104408383149291240e+01	-3.88195712140998239192e+01	-3.38217940479895275985e+01	-2.28213279941406540274e+02	-5.80212264852317048280e+02	 2.78840901909363628874e+03	 4.61580848457737010904e+03	
