#          Omega_b,                h,              n_s,           sigma8,       N_eff_camb,        m_nu_camb,     Omega_m_camb,           bias_1,           bias_2,           bias_3,           bias_4,           bias_5,           bias_6,           bias_7,           bias_8,           bias_9,          bias_10,              aIA,            etaIA
 2.53779147567414119840e+06	-4.77344666755198850296e+05	-4.18342972686999128200e+05	-8.41569309916685451753e+05	 2.12947605505052633816e+04	 1.88589191812626595492e+04	-1.65773677636830322444e+06	-7.82045465001518314239e+04	-7.20494259162486705463e+04	-4.93574678931793605443e+04	-3.38139103229990578257e+04	-2.03709910147794143995e+04	-1.29918823946273005276e+04	 5.08007695429472369142e+03	 1.85304700350201819674e+04	 3.38077911115391761996e+04	 6.57856650401593069546e+04	 6.81501373612034171856e+02	 8.49427980468772375389e+02	
-4.77344666755198850296e+05	 1.02993493566924837069e+05	 1.14364881701546168188e+05	 5.98683992695511842612e+04	-4.24160579194831734640e+03	-7.91244273917789178086e+03	 3.73091096658450900577e+05	 8.54932687448270735331e+03	 6.41085678068606102897e+03	 2.40827215030220941117e+03	-2.10872554933826449997e+02	-2.50365456396342506196e+03	-4.15404808610813506675e+03	-7.95447845250852515164e+03	-1.09137886266693512880e+04	-1.56734275626855524024e+04	-2.05150589158018919989e+04	-1.72033954367240681904e+02	-2.05504660175612798412e+02	
-4.18342972686999128200e+05	 1.14364881701546168188e+05	 2.11120725153868232155e+05	-4.62107178179961163551e+05	-3.93795802827719944617e+03	-2.54264319201572543534e+04	 4.47431440437256067526e+05	-1.77952148362825610093e+04	-3.03905884653714165324e+04	-3.37303621798319509253e+04	-3.43332967324356432073e+04	-3.43979417655271099648e+04	-3.57808953152375906939e+04	-3.86003266545623628190e+04	-4.20139782952174355160e+04	-4.77954557737393770367e+04	-4.58156793312126974342e+04	-3.57371846026440380228e+02	-4.28846831347867009754e+02	
-8.41569309916685451753e+05	 5.98683992695511842612e+04	-4.62107178179961163551e+05	 7.31005346572804264724e+06	-4.10401949736125789059e+03	 2.21074094617506489158e+05	 2.42084765628232061863e+06	 5.51811106899785576388e+05	 4.34653341603691689670e+05	 3.31003245618497603573e+05	 2.79307157666338549461e+05	 2.46001801315119664650e+05	 2.34685498650848807301e+05	 2.27112764757046941668e+05	 2.30704726091275573708e+05	 2.45100535610084421933e+05	 2.13571714593680284452e+05	-9.98160829135681979096e+02	-7.47992008372724512810e+02	
 2.12947605505052633816e+04	-4.24160579194831734640e+03	-3.93795802827719944617e+03	-4.10401949736125789059e+03	 1.92513589166914897532e+02	 2.57973023950510707891e+02	-1.33684172477244537731e+04	-4.35363681984107756762e+02	-4.40936377252252214021e+02	-2.92940823878216974663e+02	-1.80014556046686323043e+02	-7.47546593045904330666e+01	-1.50835941313155572630e+01	 1.54781763896966538141e+02	 2.63281713674424167948e+02	 4.36302655573599963645e+02	 7.01392456797639852084e+02	 4.23723762986385477092e+00	 4.95960184844036700014e+00	
 1.88589191812626595492e+04	-7.91244273917789178086e+03	-2.54264319201572543534e+04	 2.21074094617506489158e+05	 2.57973023950510707891e+02	 7.95680446991863573203e+03	 3.58719447831861471059e+04	 1.66629318228474730859e+04	 1.34569986114158200508e+04	 1.02631320347033652070e+04	 8.68927929975987717626e+03	 7.73294384623373753129e+03	 7.47262184698311193642e+03	 7.50735632439746041200e+03	 7.91992315860664166394e+03	 8.86240791418624212383e+03	 8.55109156288475423935e+03	-1.02287575030780544694e+02	-1.49078814807873328618e+02	
-1.65773677636830322444e+06	 3.73091096658450900577e+05	 4.47431440437256067526e+05	 2.42084765628232061863e+06	-1.33684172477244537731e+04	 3.58719447831861471059e+04	 6.82998827623309381306e+06	-6.06450471191880293190e+05	-1.56342531378198997118e+05	-7.56671122365563060157e+04	-2.25927181693043821724e+04	-1.57456294049849184375e+04	-2.07601174964513411396e+04	-9.55659266513693000888e+03	 1.42253757972944413268e+03	 1.60975313233071142349e+03	-4.88786033861181840621e+03	 8.28792614613335535978e+03	 1.42952732467549867579e+04	
-7.82045465001518314239e+04	 8.54932687448270735331e+03	-1.77952148362825610093e+04	 5.51811106899785576388e+05	-4.35363681984107756762e+02	 1.66629318228474730859e+04	-6.06450471191880293190e+05	 4.90071266981288325042e+05	 4.25482218082974140998e+04	 6.87223754124616220906e+02	 5.09114301573087232100e+02	 4.37290146763953657683e+00	 4.46982400385400140408e+01	 3.37822316523545129741e+00	 2.97005871192351911247e+00	-7.41279810402879490994e-02	 1.13945491099151574588e+00	-5.93736934846940478394e+00	-4.15154102305177730159e+00	
-7.20494259162486705463e+04	 6.41085678068606102897e+03	-3.03905884653714165324e+04	 4.34653341603691689670e+05	-4.40936377252252214021e+02	 1.34569986114158200508e+04	-1.56342531378198997118e+05	 4.25482218082974140998e+04	 2.35462876234613242559e+05	 3.21827448858159405063e+04	 1.56608118051207554799e+02	 6.59270899346266219254e+02	-2.19940797953873001802e+01	 2.33300378916852722000e+01	 4.71444065864824057854e+00	 1.95354844375561498282e-02	 7.08552920282331299973e-01	-6.83864909317127001032e+01	-4.96575839128953475665e+01	
-4.93574678931793605443e+04	 2.40827215030220941117e+03	-3.37303621798319509253e+04	 3.31003245618497603573e+05	-2.92940823878216974663e+02	 1.02631320347033652070e+04	-7.56671122365563060157e+04	 6.87223754124616220906e+02	 3.21827448858159405063e+04	 1.59456771030686883023e+05	 3.28181896509644793696e+04	-9.29252445915995508585e+01	 5.48134574312880431535e+02	 4.06487980643240902623e+01	 4.99594465930462661163e+00	 5.67308753781679264705e+00	 1.76367618529482683698e-01	-5.44108984212484827481e+01	-4.39419563500050571747e+01	
-3.38139103229990578257e+04	-2.10872554933826449997e+02	-3.43332967324356432073e+04	 2.79307157666338549461e+05	-1.80014556046686323043e+02	 8.68927929975987717626e+03	-2.25927181693043821724e+04	 5.09114301573087232100e+02	 1.56608118051207554799e+02	 3.28181896509644793696e+04	 1.17573507416186941555e+05	 2.94399730881942814449e+04	 2.42822455509835322118e+02	 4.21873443794313402577e+02	 4.64888616038292639132e+01	 6.36781028955422634397e+00	 3.63195243183089111483e+00	-6.99929391959051372396e+01	-6.92578446286437952040e+01	
-2.03709910147794143995e+04	-2.50365456396342506196e+03	-3.43979417655271099648e+04	 2.46001801315119664650e+05	-7.47546593045904330666e+01	 7.73294384623373753129e+03	-1.57456294049849184375e+04	 4.37290146763953657683e+00	 6.59270899346266219254e+02	-9.29252445915995508585e+01	 2.94399730881942814449e+04	 9.46595894723839592189e+04	 2.66163346936414200172e+04	 5.11530339866353074285e+02	 3.17587683703484685793e+02	 6.01881625585836985692e+01	 8.34067288506827431149e+00	-6.11434177543317858294e+01	-6.12719552777299725221e+01	
-1.29918823946273005276e+04	-4.15404808610813506675e+03	-3.57808953152375906939e+04	 2.34685498650848807301e+05	-1.50835941313155572630e+01	 7.47262184698311193642e+03	-2.07601174964513411396e+04	 4.46982400385400140408e+01	-2.19940797953873001802e+01	 5.48134574312880431535e+02	 2.42822455509835322118e+02	 2.66163346936414200172e+04	 8.65060952746668481268e+04	 2.34867840574953479518e+04	 7.75523355579439567009e+02	 2.45782328855035871129e+02	 4.11594037806924717415e+01	-5.41042010297651145834e+01	-6.59919570873488794405e+01	
 5.08007695429472369142e+03	-7.95447845250852515164e+03	-3.86003266545623628190e+04	 2.27112764757046941668e+05	 1.54781763896966538141e+02	 7.50735632439746041200e+03	-9.55659266513693000888e+03	 3.37822316523545129741e+00	 2.33300378916852722000e+01	 4.06487980643240902623e+01	 4.21873443794313402577e+02	 5.11530339866353074285e+02	 2.34867840574953479518e+04	 8.28683448648464254802e+04	 1.99274929103549511638e+04	 8.31312089239499073301e+02	 1.37242554696532266689e+02	-6.07627521248601425441e+01	-7.96330387759756774813e+01	
 1.85304700350201819674e+04	-1.09137886266693512880e+04	-4.20139782952174355160e+04	 2.30704726091275573708e+05	 2.63281713674424167948e+02	 7.91992315860664166394e+03	 1.42253757972944413268e+03	 2.97005871192351911247e+00	 4.71444065864824057854e+00	 4.99594465930462661163e+00	 4.64888616038292639132e+01	 3.17587683703484685793e+02	 7.75523355579439567009e+02	 1.99274929103549511638e+04	 8.59703691871943010483e+04	 1.62020133734162627661e+04	 5.78792820508809199964e+02	-5.94275165033091994360e+01	-7.50262368424773740117e+01	
 3.38077911115391761996e+04	-1.56734275626855524024e+04	-4.77954557737393770367e+04	 2.45100535610084421933e+05	 4.36302655573599963645e+02	 8.86240791418624212383e+03	 1.60975313233071142349e+03	-7.41279810402879490994e-02	 1.95354844375561498282e-02	 5.67308753781679264705e+00	 6.36781028955422634397e+00	 6.01881625585836985692e+01	 2.45782328855035871129e+02	 8.31312089239499073301e+02	 1.62020133734162627661e+04	 9.57514407376816525357e+04	 1.11854399750098691584e+04	-1.42460493523160266705e+02	-2.41989463063339968585e+02	
 6.57856650401593069546e+04	-2.05150589158018919989e+04	-4.58156793312126974342e+04	 2.13571714593680284452e+05	 7.01392456797639852084e+02	 8.55109156288475423935e+03	-4.88786033861181840621e+03	 1.13945491099151574588e+00	 7.08552920282331299973e-01	 1.76367618529482683698e-01	 3.63195243183089111483e+00	 8.34067288506827431149e+00	 4.11594037806924717415e+01	 1.37242554696532266689e+02	 5.78792820508809199964e+02	 1.11854399750098691584e+04	 8.66930264179086370859e+04	-2.56288185698410984514e+02	-4.51907913791243004198e+02	
 6.81501373612034171856e+02	-1.72033954367240681904e+02	-3.57371846026440380228e+02	-9.98160829135681979096e+02	 4.23723762986385477092e+00	-1.02287575030780544694e+02	 8.28792614613335535978e+03	-5.93736934846940478394e+00	-6.83864909317127001032e+01	-5.44108984212484827481e+01	-6.99929391959051372396e+01	-6.11434177543317858294e+01	-5.41042010297651145834e+01	-6.07627521248601425441e+01	-5.94275165033091994360e+01	-1.42460493523160266705e+02	-2.56288185698410984514e+02	 1.65522100433243213047e+03	 2.66135573301255681145e+03	
 8.49427980468772375389e+02	-2.05504660175612798412e+02	-4.28846831347867009754e+02	-7.47992008372724512810e+02	 4.95960184844036700014e+00	-1.49078814807873328618e+02	 1.42952732467549867579e+04	-4.15154102305177730159e+00	-4.96575839128953475665e+01	-4.39419563500050571747e+01	-6.92578446286437952040e+01	-6.12719552777299725221e+01	-6.59919570873488794405e+01	-7.96330387759756774813e+01	-7.50262368424773740117e+01	-2.41989463063339968585e+02	-4.51907913791243004198e+02	 2.66135573301255681145e+03	 4.35649934075120927446e+03	
