#          Omega_b,                h,              n_s,           sigma8,       N_eff_camb,        m_nu_camb,     Omega_m_camb,          P_shot0,          P_shot1,          P_shot2,          P_shot3,      lnbsigma8_0,      lnbsigma8_1,      lnbsigma8_2,      lnbsigma8_3
 4.71286814000587631017e+06	-5.17290096388115634909e+04	-8.87692564668859587982e+05	 2.82528914122434289311e+04	 3.92096903940542542841e+04	 9.10701946667092561256e+04	-1.64272526073485380039e+06	-3.95206473473701791477e+01	-3.59708118943819243896e+01	-2.73620310408647497979e+01	-2.07096826116766621340e+01	-7.13700974486588675063e+04	-3.07084867564795931685e+04	 3.20887569472622853937e+04	 1.56335333732154103927e+05	
-5.17290096388115634909e+04	 1.34145141245191302150e+07	 1.19783674543682107469e+05	-1.63935460720809968188e+06	-1.88552836186816398367e+03	 9.31433207641656044871e+04	-3.97922015798563789576e+06	-1.70099402829495659262e+02	-1.56962507848500308683e+02	-1.24989188979264056911e+02	-1.09524716250412097907e+02	-1.81984209226260241121e+06	-1.78260004710854846053e+06	-1.51695384309378010221e+06	-1.45187319409726466984e+06	
-8.87692564668859587982e+05	 1.19783674543682107469e+05	 2.50606591944902029354e+05	-4.03103528188967611641e+04	-7.85135056741052994767e+03	-2.26374957886764823343e+04	 3.09605905433012172580e+05	 8.54198235820172513399e+00	 7.48932795343158019818e+00	 5.37697611529175567568e+00	 3.52333122183419122919e+00	-1.93166679410995311628e+04	-3.15898586586380188237e+04	-4.45870516707815986592e+04	-7.86728885394335957244e+04	
 2.82528914122434289311e+04	-1.63935460720809968188e+06	-4.03103528188967611641e+04	 2.65078613094330416061e+05	 3.07339616035011090389e+02	-9.33400861774575605523e+03	 3.24722323512555449270e+05	 1.77577452176861925182e+01	 1.60532928154476834948e+01	 1.25923591086582291609e+01	 1.10133385004135053720e+01	 1.98593921908858465031e+05	 1.91285045982090086909e+05	 1.61408973053219728172e+05	 1.56328946533436072059e+05	
 3.92096903940542542841e+04	-1.88552836186816398367e+03	-7.85135056741052994767e+03	 3.07339616035011090389e+02	 3.57729017456815483911e+02	 7.72318904782658592012e+02	-1.33158409717082322459e+04	-3.35216646345973590115e-01	-3.02429542549276397789e-01	-2.27870908906962432727e-01	-1.69645167768813220910e-01	-5.16180888158467041649e+02	-1.43034527638859799481e+02	 4.01340179137953725785e+02	 1.49278167751412979669e+03	
 9.10701946667092561256e+04	 9.31433207641656044871e+04	-2.26374957886764823343e+04	-9.33400861774575605523e+03	 7.72318904782658592012e+02	 3.19047067315074991711e+03	-6.50155031871797982603e+04	-1.96906123629200191516e+00	-1.78793037027390222526e+00	-1.38523104868943747192e+00	-1.13501969335623975610e+00	-1.24859623318676276540e+04	-1.12736028809593408369e+04	-8.20867912516202704865e+03	-4.87807684956568027701e+03	
-1.64272526073485380039e+06	-3.97922015798563789576e+06	 3.09605905433012172580e+05	 3.24722323512555449270e+05	-1.33158409717082322459e+04	-6.50155031871797982603e+04	 2.31908446204006951302e+06	 6.75595719453797300957e+01	 6.57945349632043843258e+01	 5.48563398561605026771e+01	 4.99060966838787862798e+01	 6.16291308765903580934e+05	 6.33938005833967821673e+05	 5.52301459806232247502e+05	 5.16021670110395527445e+05	
-3.95206473473701791477e+01	-1.70099402829495659262e+02	 8.54198235820172513399e+00	 1.77577452176861925182e+01	-3.35216646345973590115e-01	-1.96906123629200191516e+00	 6.75595719453797300957e+01	 9.57328423371797167241e-03	0.00000000000000000000e+00	0.00000000000000000000e+00	0.00000000000000000000e+00	 8.45196342051228270975e+01	0.00000000000000000000e+00	 6.76609918266735110848e-15	0.00000000000000000000e+00	
-3.59708118943819243896e+01	-1.56962507848500308683e+02	 7.48932795343158019818e+00	 1.60532928154476834948e+01	-3.02429542549276397789e-01	-1.78793037027390222526e+00	 6.57945349632043843258e+01	0.00000000000000000000e+00	 8.71315845367798616494e-03	0.00000000000000000000e+00	0.00000000000000000000e+00	0.00000000000000000000e+00	 8.05484857112721783778e+01	0.00000000000000000000e+00	0.00000000000000000000e+00	
-2.73620310408647497979e+01	-1.24989188979264056911e+02	 5.37697611529175567568e+00	 1.25923591086582291609e+01	-2.27870908906962432727e-01	-1.38523104868943747192e+00	 5.48563398561605026771e+01	0.00000000000000000000e+00	0.00000000000000000000e+00	 6.85055161720535526343e-03	0.00000000000000000000e+00	0.00000000000000000000e+00	0.00000000000000000000e+00	 6.63154644138073763315e+01	0.00000000000000000000e+00	
-2.07096826116766621340e+01	-1.09524716250412097907e+02	 3.52333122183419122919e+00	 1.10133385004135053720e+01	-1.69645167768813220910e-01	-1.13501969335623975610e+00	 4.99060966838787862798e+01	0.00000000000000000000e+00	0.00000000000000000000e+00	0.00000000000000000000e+00	 5.95373903184672880612e-03	0.00000000000000000000e+00	0.00000000000000000000e+00	0.00000000000000000000e+00	 6.05028293052900778548e+01	
-7.13700974486588675063e+04	-1.81984209226260241121e+06	-1.93166679410995311628e+04	 1.98593921908858465031e+05	-5.16180888158467041649e+02	-1.24859623318676276540e+04	 6.16291308765903580934e+05	 8.45196342051228270975e+01	0.00000000000000000000e+00	0.00000000000000000000e+00	0.00000000000000000000e+00	 9.98976602280832477845e+05	0.00000000000000000000e+00	0.00000000000000000000e+00	0.00000000000000000000e+00	
-3.07084867564795931685e+04	-1.78260004710854846053e+06	-3.15898586586380188237e+04	 1.91285045982090086909e+05	-1.43034527638859799481e+02	-1.12736028809593408369e+04	 6.33938005833967821673e+05	0.00000000000000000000e+00	 8.05484857112721783778e+01	0.00000000000000000000e+00	0.00000000000000000000e+00	0.00000000000000000000e+00	 1.00379223002613801509e+06	0.00000000000000000000e+00	0.00000000000000000000e+00	
 3.20887569472622853937e+04	-1.51695384309378010221e+06	-4.45870516707815986592e+04	 1.61408973053219728172e+05	 4.01340179137953725785e+02	-8.20867912516202704865e+03	 5.52301459806232247502e+05	 6.76609918266735110848e-15	0.00000000000000000000e+00	 6.63154644138073763315e+01	0.00000000000000000000e+00	0.00000000000000000000e+00	0.00000000000000000000e+00	 8.77465435613805078901e+05	0.00000000000000000000e+00	
 1.56335333732154103927e+05	-1.45187319409726466984e+06	-7.86728885394335957244e+04	 1.56328946533436072059e+05	 1.49278167751412979669e+03	-4.87807684956568027701e+03	 5.16021670110395527445e+05	0.00000000000000000000e+00	0.00000000000000000000e+00	0.00000000000000000000e+00	 6.05028293052900778548e+01	0.00000000000000000000e+00	0.00000000000000000000e+00	0.00000000000000000000e+00	 8.68525275600216235034e+05	
