#          Omega_b,                h,              n_s,           sigma8,       N_eff_camb,        m_nu_camb,     Omega_m_camb,          P_shot0,          P_shot1,          P_shot2,          P_shot3,      lnbsigma8_0,      lnbsigma8_1,      lnbsigma8_2,      lnbsigma8_3
 5.54251844415079988539e+06	-7.27669699301596730947e+05	-1.14176665455654216930e+06	-1.14236577029276435496e+05	 4.57231405662287434097e+04	 8.69400357926247816067e+04	-2.51027353161384630948e+06	-1.01504195121589802397e+02	-8.97104190807129242557e+01	-6.64086859069869888117e+01	-4.98072587404873132755e+01	-3.30075908173411386088e+05	-2.63482362462033051997e+05	-1.41698398350500385277e+05	 2.71518299151426836033e+04	
-7.27669699301596730947e+05	 2.63363077601927507203e+05	 1.78769494684267265256e+05	-1.94151775077781232540e+05	-6.29552783343099690683e+03	-2.03661130360218303395e+04	 1.23524490915682690684e+05	-8.75074792088276609547e+00	-6.04268401768498719662e+00	-3.47662936521523979749e+00	-2.28404707475546464579e+00	-1.19760703586484378320e+05	-1.14022084949108219007e+05	-1.00209541642676573247e+05	-1.13523309738042371464e+05	
-1.14176665455654216930e+06	 1.78769494684267265256e+05	 3.32840823096617299598e+05	 3.23851186966091108843e+03	-9.89093409505635827372e+03	-2.54969367144219941110e+04	 5.90200056556992931291e+05	 2.82110403007416437049e+01	 2.47697026782252791577e+01	 1.80929432253211075476e+01	 1.31327423223331791746e+01	 6.23283745959514853894e+04	 4.27718631115099269664e+04	 1.15076875647885754006e+04	-3.66001856705014506588e+04	
-1.14236577029276435496e+05	-1.94151775077781232540e+05	 3.23851186966091108843e+03	 3.13006203435274481308e+05	-8.89704048240619840726e+02	 9.26988956890682675294e+03	 4.42953582719686091878e+05	 3.04391523257769662791e+01	 2.66542915877888546561e+01	 2.00424286685963899401e+01	 1.64276210927293959685e+01	 2.43540909243993548444e+05	 2.31172668182348570554e+05	 1.91166524725904804654e+05	 1.79475478079734486528e+05	
 4.57231405662287434097e+04	-6.29552783343099690683e+03	-9.89093409505635827372e+03	-8.89704048240619840726e+02	 4.10590174189301706065e+02	 7.21251798239917775390e+02	-2.05132133567033088184e+04	-8.67416418053358340146e-01	-7.64517620770462702495e-01	-5.64025491380272470110e-01	-4.20614410403308047748e-01	-2.72480526824778189621e+03	-2.14712279668219889572e+03	-1.11236450046278787340e+03	 3.35506341548889395199e+02	
 8.69400357926247816067e+04	-2.03661130360218303395e+04	-2.54969367144219941110e+04	 9.26988956890682675294e+03	 7.21251798239917775390e+02	 2.42488156428943284482e+03	-3.72728379294321493944e+04	-1.19954511773289440590e+00	-9.78047918346355515951e-01	-6.50225558188364027856e-01	-3.75358242982581968850e-01	 9.16701637902662469060e+02	 2.65570450322095985030e+03	 4.37341076930003600864e+03	 8.10046530203801557946e+03	
-2.51027353161384630948e+06	 1.23524490915682690684e+05	 5.90200056556992931291e+05	 4.42953582719686091878e+05	-2.05132133567033088184e+04	-3.72728379294321493944e+04	 3.39011615428881021217e+06	 1.31157824471020063584e+02	 1.23279435075516417442e+02	 9.85187293560284160776e+01	 8.43123869859174703834e+01	 9.05310050798967597075e+05	 9.06661022827205248177e+05	 7.66209941079230979085e+05	 6.87059711055055260658e+05	
-1.01504195121589802397e+02	-8.75074792088276609547e+00	 2.82110403007416437049e+01	 3.04391523257769662791e+01	-8.67416418053358340146e-01	-1.19954511773289440590e+00	 1.31157824471020063584e+02	 2.48400887382462104425e-02	 7.32259982901342643125e-19	0.00000000000000000000e+00	0.00000000000000000000e+00	 1.45846708192935011539e+02	0.00000000000000000000e+00	-5.62527455172379120540e-15	0.00000000000000000000e+00	
-8.97104190807129242557e+01	-6.04268401768498719662e+00	 2.47697026782252791577e+01	 2.66542915877888546561e+01	-7.64517620770462702495e-01	-9.78047918346355515951e-01	 1.23279435075516417442e+02	 7.32259982901342643125e-19	 2.16969547626419331787e-02	0.00000000000000000000e+00	 6.20981029455808936079e-19	0.00000000000000000000e+00	 1.35095751178340719889e+02	 5.38328062682502661573e-15	0.00000000000000000000e+00	
-6.64086859069869888117e+01	-3.47662936521523979749e+00	 1.80929432253211075476e+01	 2.00424286685963899401e+01	-5.64025491380272470110e-01	-6.50225558188364027856e-01	 9.85187293560284160776e+01	0.00000000000000000000e+00	0.00000000000000000000e+00	 1.61806836042219515104e-02	0.00000000000000000000e+00	0.00000000000000000000e+00	0.00000000000000000000e+00	 1.07022938849806749317e+02	0.00000000000000000000e+00	
-4.98072587404873132755e+01	-2.28404707475546464579e+00	 1.31327423223331791746e+01	 1.64276210927293959685e+01	-4.20614410403308047748e-01	-3.75358242982581968850e-01	 8.43123869859174703834e+01	0.00000000000000000000e+00	 6.20981029455808936079e-19	0.00000000000000000000e+00	 1.29927629044227655603e-02	0.00000000000000000000e+00	0.00000000000000000000e+00	 4.77005587806722530786e-15	 9.19228016135384393692e+01	
-3.30075908173411386088e+05	-1.19760703586484378320e+05	 6.23283745959514853894e+04	 2.43540909243993548444e+05	-2.72480526824778189621e+03	 9.16701637902662469060e+02	 9.05310050798967597075e+05	 1.45846708192935011539e+02	0.00000000000000000000e+00	0.00000000000000000000e+00	0.00000000000000000000e+00	 1.27301440884181251749e+06	0.00000000000000000000e+00	-4.58104665312930592336e-11	0.00000000000000000000e+00	
-2.63482362462033051997e+05	-1.14022084949108219007e+05	 4.27718631115099269664e+04	 2.31172668182348570554e+05	-2.14712279668219889572e+03	 2.65570450322095985030e+03	 9.06661022827205248177e+05	0.00000000000000000000e+00	 1.35095751178340719889e+02	0.00000000000000000000e+00	0.00000000000000000000e+00	0.00000000000000000000e+00	 1.25787955149314878508e+06	-4.33502123087237123400e-11	0.00000000000000000000e+00	
-1.41698398350500385277e+05	-1.00209541642676573247e+05	 1.15076875647885754006e+04	 1.91166524725904804654e+05	-1.11236450046278787340e+03	 4.37341076930003600864e+03	 7.66209941079230979085e+05	-5.62527455172379120540e-15	 5.38328062682502661573e-15	 1.07022938849806749317e+02	 4.77005587806722530786e-15	-4.58104665312930592336e-11	-4.33502123087237123400e-11	 1.07439462852612021379e+06	0.00000000000000000000e+00	
 2.71518299151426836033e+04	-1.13523309738042371464e+05	-3.66001856705014506588e+04	 1.79475478079734486528e+05	 3.35506341548889395199e+02	 8.10046530203801557946e+03	 6.87059711055055260658e+05	0.00000000000000000000e+00	0.00000000000000000000e+00	0.00000000000000000000e+00	 9.19228016135384393692e+01	0.00000000000000000000e+00	0.00000000000000000000e+00	0.00000000000000000000e+00	 1.02577655294868198689e+06	
