#          Omega_b,                h,              n_s,           sigma8,       N_eff_camb,        m_nu_camb,     Omega_m_camb,          P_shot0,          P_shot1,          P_shot2,          P_shot3,      lnbsigma8_0,      lnbsigma8_1,      lnbsigma8_2,      lnbsigma8_3
 5.54303283270442020148e+06	 1.72183351482378598303e+06	-1.14201820898455614224e+06	-1.14396619138278096216e+05	 4.57253375384845567169e+04	 8.69576530180640838807e+04	-2.51146507845848053694e+06	-1.01539433962732147165e+02	-8.97442654181583634454e+01	-6.64364138634998226962e+01	-4.98316706471499912823e+01	-3.30348146776329725981e+05	-2.63748221975845226552e+05	-1.41914960687579587102e+05	 2.69798234949988400331e+04	
 1.72183351482378598303e+06	 1.81025855292915254831e+07	-4.44225897865692153573e+05	-2.07346454602066916414e+06	 1.31907209253038054158e+04	-2.41129477360191376647e+04	-5.79805553077287599444e+06	-3.19486465168302800066e+02	-2.85289536691696639537e+02	-2.17377929604617861514e+02	-1.77874638736461008648e+02	-2.40748847347756754607e+06	-2.31464476479116594419e+06	-1.91909122919809957966e+06	-1.76311593148517468944e+06	
-1.14201820898455614224e+06	-4.44225897865692153573e+05	 3.32874913276423816569e+05	 3.25918277145567117259e+03	-9.89177640399979827635e+03	-2.55001338408367664670e+04	 5.90389846882574027404e+05	 2.82142969276177097981e+01	 2.47729512646157026268e+01	 1.80957601984776985660e+01	 1.31354154292412079741e+01	 6.23628830013145343401e+04	 4.28051713115862221457e+04	 1.15340047869556528894e+04	-3.65824616913246136392e+04	
-1.14396619138278096216e+05	-2.07346454602066916414e+06	 3.25918277145567117259e+03	 3.13001426655392569955e+05	-8.92298266878771073607e+02	 9.27036722255937820591e+03	 4.42977632093311403878e+05	 3.04374974962811819523e+01	 2.66529548173733168426e+01	 2.00415799505812621817e+01	 1.64272014409149029746e+01	 2.43551976009629375767e+05	 2.31185424115263158455e+05	 1.91179891089989803731e+05	 1.79492864459264790639e+05	
 4.57253375384845567169e+04	 1.31907209253038054158e+04	-9.89177640399979827635e+03	-8.92298266878771073607e+02	 4.10553283013476004726e+02	 7.21287117425659289438e+02	-2.05255824577538260201e+04	-8.67774789680897051802e-01	-7.64873996450727844376e-01	-5.64327892657286778189e-01	-4.20894116871471879460e-01	-2.72849135679079427064e+03	-2.15083823595742342150e+03	-1.11556693570007655580e+03	 3.32540932908191564366e+02	
 8.69576530180640838807e+04	-2.41129477360191376647e+04	-2.55001338408367664670e+04	 9.27036722255937820591e+03	 7.21287117425659289438e+02	 2.42546515117128456041e+03	-3.72817826286176568829e+04	-1.19977529817128614198e+00	-9.78266666353192482219e-01	-6.50398349116031226913e-01	-3.75493308487596100242e-01	 9.16628844028743287708e+02	 2.65586305197774163389e+03	 4.37393895347587476863e+03	 8.10194392595959652681e+03	
-2.51146507845848053694e+06	-5.79805553077287599444e+06	 5.90389846882574027404e+05	 4.42977632093311403878e+05	-2.05255824577538260201e+04	-3.72817826286176568829e+04	 3.39081718611556570977e+06	 1.31165762349141772347e+02	 1.23286349975168832316e+02	 9.85243415735337748629e+01	 8.43180450211592074083e+01	 9.05444923917043954134e+05	 9.06798242056597722694e+05	 7.66332562825326924212e+05	 6.87181605451433453709e+05	
-1.01539433962732147165e+02	-3.19486465168302800066e+02	 2.82142969276177097981e+01	 3.04374974962811819523e+01	-8.67774789680897051802e-01	-1.19977529817128614198e+00	 1.31165762349141772347e+02	 2.48381056288888429906e-02	0.00000000000000000000e+00	0.00000000000000000000e+00	0.00000000000000000000e+00	 1.45848507594015188715e+02	0.00000000000000000000e+00	0.00000000000000000000e+00	0.00000000000000000000e+00	
-8.97442654181583634454e+01	-2.85289536691696639537e+02	 2.47729512646157026268e+01	 2.66529548173733168426e+01	-7.64873996450727844376e-01	-9.78266666353192482219e-01	 1.23286349975168832316e+02	0.00000000000000000000e+00	 2.16952730861322655442e-02	0.00000000000000000000e+00	0.00000000000000000000e+00	0.00000000000000000000e+00	 1.35098568002341494321e+02	0.00000000000000000000e+00	0.00000000000000000000e+00	
-6.64364138634998226962e+01	-2.17377929604617861514e+02	 1.80957601984776985660e+01	 2.00415799505812621817e+01	-5.64327892657286778189e-01	-6.50398349116031226913e-01	 9.85243415735337748629e+01	0.00000000000000000000e+00	0.00000000000000000000e+00	 1.61795232579826503416e-02	 5.87946744512891222856e-19	0.00000000000000000000e+00	 7.33283876327983641374e-15	 1.07026572854710906313e+02	 6.84174938925252718036e-15	
-4.98316706471499912823e+01	-1.77874638736461008648e+02	 1.31354154292412079741e+01	 1.64272014409149029746e+01	-4.20894116871471879460e-01	-3.75493308487596100242e-01	 8.43180450211592074083e+01	0.00000000000000000000e+00	0.00000000000000000000e+00	 5.87946744512891222856e-19	 1.29920146802558807847e-02	0.00000000000000000000e+00	-6.92214298034232733414e-15	-6.67087912686881168156e-15	 9.19280779503445444334e+01	
-3.30348146776329725981e+05	-2.40748847347756754607e+06	 6.23628830013145343401e+04	 2.43551976009629375767e+05	-2.72849135679079427064e+03	 9.16628844028743287708e+02	 9.05444923917043954134e+05	 1.45848507594015188715e+02	0.00000000000000000000e+00	0.00000000000000000000e+00	0.00000000000000000000e+00	 1.27316990213573258370e+06	 4.51816362101453705691e-11	-4.35456115610577398911e-11	 4.21565005126467440277e-11	
-2.63748221975845226552e+05	-2.31464476479116594419e+06	 4.28051713115862221457e+04	 2.31185424115263158455e+05	-2.15083823595742342150e+03	 2.65586305197774163389e+03	 9.06798242056597722694e+05	0.00000000000000000000e+00	 1.35098568002341494321e+02	 7.33283876327983641374e-15	-6.92214298034232733414e-15	 4.51816362101453705691e-11	 1.25805058006835752167e+06	0.00000000000000000000e+00	0.00000000000000000000e+00	
-1.41914960687579587102e+05	-1.91909122919809957966e+06	 1.15340047869556528894e+04	 1.91179891089989803731e+05	-1.11556693570007655580e+03	 4.37393895347587476863e+03	 7.66332562825326924212e+05	0.00000000000000000000e+00	0.00000000000000000000e+00	 1.07026572854710906313e+02	-6.67087912686881168156e-15	-4.35456115610577398911e-11	0.00000000000000000000e+00	 1.07456194534627650864e+06	-3.88169496545742731541e-11	
 2.69798234949988400331e+04	-1.76311593148517468944e+06	-3.65824616913246136392e+04	 1.79492864459264790639e+05	 3.32540932908191564366e+02	 8.10194392595959652681e+03	 6.87181605451433453709e+05	0.00000000000000000000e+00	0.00000000000000000000e+00	 6.84174938925252718036e-15	 9.19280779503445444334e+01	 4.21565005126467440277e-11	0.00000000000000000000e+00	-3.88169496545742731541e-11	 1.02597023697415250354e+06	
