#          Omega_b,                h,              n_s,           sigma8,       N_eff_camb,        m_nu_camb,     Omega_m_camb,           bias_1,           bias_2,           bias_3,           bias_4,           bias_5,           bias_6,           bias_7,           bias_8,           bias_9,          bias_10,              aIA,            etaIA
 2.52736145176417101175e+06	-4.75559140104240330402e+05	-4.16508196183440391906e+05	-8.45970371624549850821e+05	 2.12104947195354070573e+04	 1.80693158638876884652e+04	-1.61033674411255214363e+06	-7.80479979506477830000e+04	-7.76745681513478921261e+04	-5.47560745986040783464e+04	-3.43004798165023239562e+04	-1.99952310322649791487e+04	-1.03065965196517227014e+04	 3.92711421028613040107e+03	 2.25606248408022365766e+04	 3.20297140690646701842e+04	 6.86790714471378596500e+04	 6.88451952042670200171e+02	 8.61253257471547954083e+02	
-4.75559140104240330402e+05	 1.02615902824761287775e+05	 1.13904703674107688130e+05	 6.11544100476663516019e+04	-4.22536431632403946423e+03	-7.70617154173891140090e+03	 3.66270100915580522269e+05	 9.22654435633009234152e+03	 7.39842370372006098478e+03	 3.31010562882168278520e+03	-5.59782502294541757237e+01	-2.48244348257048568485e+03	-4.42043215723937828443e+03	-7.82799398059140912665e+03	-1.15574472776415641420e+04	-1.56972330702860381280e+04	-2.11420954157381311234e+04	-1.73475612101045157942e+02	-2.07916305425202267543e+02	
-4.16508196183440391906e+05	 1.13904703674107688130e+05	 2.10602527500578667969e+05	-4.60963172854351811111e+05	-3.92071025007287335029e+03	-2.52756967829386267113e+04	 4.51244143259055446833e+05	-1.34581052535184498993e+04	-3.03895446034537380910e+04	-3.45418838489413610660e+04	-3.44351316045864878106e+04	-3.42323611712800193345e+04	-3.52742913156541835633e+04	-3.81948834785660874331e+04	-4.34304630776482517831e+04	-4.82569826852835976752e+04	-4.64996318352570524439e+04	-3.58115429010888874473e+02	-4.30564823237139421508e+02	
-8.45970371624549850821e+05	 6.11544100476663516019e+04	-4.60963172854351811111e+05	 7.31312393356175720692e+06	-4.15471978665618189552e+03	 2.21129910123617824866e+05	 2.35806769810164626688e+06	 5.46879711938681080937e+05	 4.46469557545896444935e+05	 3.38362185449081705883e+05	 2.73063327785285247955e+05	 2.41266522686177719152e+05	 2.25964936072371609043e+05	 2.23636360032406490063e+05	 2.35750869901660451433e+05	 2.46566186484147037845e+05	 2.15916735825414332794e+05	-1.00108797958561535779e+03	-7.49153180526596088384e+02	
 2.12104947195354070573e+04	-4.22536431632403946423e+03	-3.92071025007287335029e+03	-4.15471978665618189552e+03	 1.91759074723827040998e+02	 2.47776647912227133475e+02	-1.29552533450688242738e+04	-4.36156910777695884462e+02	-4.87222878022459894964e+02	-3.40116589592926743535e+02	-1.90439567993943512647e+02	-7.22406171599132562733e+01	-2.26250079784791768844e+00	 1.51938415564248032297e+02	 2.91679627804645974720e+02	 4.25603439701059301115e+02	 7.28908974503999843364e+02	 4.29917392637552708834e+00	 5.05910297127580221854e+00	
 1.80693158638876884652e+04	-7.70617154173891140090e+03	-2.52756967829386267113e+04	 2.21129910123617824866e+05	 2.47776647912227133475e+02	 7.96710166908367591532e+03	 3.37500132602951780427e+04	 1.64062805375705211191e+04	 1.39024881292245390796e+04	 1.04249132171887758886e+04	 8.44691239680127000611e+03	 7.54878076993929607852e+03	 7.22814471270672402170e+03	 7.35193325287855077477e+03	 8.09730822863165121817e+03	 8.92949857453054937650e+03	 8.72533835867149537080e+03	-1.01978051541351703690e+02	-1.48768808372380760829e+02	
-1.61033674411255214363e+06	 3.66270100915580522269e+05	 4.51244143259055446833e+05	 2.35806769810164626688e+06	-1.29552533450688242738e+04	 3.37500132602951780427e+04	 6.00469906282193213701e+06	-7.08410400543367373757e+05	-8.21830422284404921811e+04	-9.32174229411706328392e+04	-2.49935917776049609529e+04	-2.16565980456029355992e+04	-8.03783083129131773603e+03	-4.22069741912241715909e+03	-2.20570146767706819446e+03	-3.15301884514544963167e+03	-1.31697217796811928565e+04	 8.25494438255971181206e+03	 1.42438134496674247202e+04	
-7.80479979506477830000e+04	 9.22654435633009234152e+03	-1.34581052535184498993e+04	 5.46879711938681080937e+05	-4.36156910777695884462e+02	 1.64062805375705211191e+04	-7.08410400543367373757e+05	 5.84489556387456017546e+05	-2.17183233240540503175e+04	 1.25061408648752239969e+04	-1.40965103495445760018e+02	 9.67337597140479488189e+01	 1.04381487911907129273e+01	 4.29640536757523250344e+00	 2.45242089856139955373e+00	 4.77073297326228384918e-01	 8.23001870653428113656e-01	 3.26712141677559344544e+01	 2.21089257091646231856e+01	
-7.76745681513478921261e+04	 7.39842370372006098478e+03	-3.03895446034537380910e+04	 4.46469557545896444935e+05	-4.87222878022459894964e+02	 1.39024881292245390796e+04	-8.21830422284404921811e+04	-2.17183233240540503175e+04	 4.10135527330579701811e+05	-1.38885698275992879644e+05	 3.29151398345418419922e+04	-2.19585707283894316788e+03	 1.39437330481668254833e+02	 4.71473500566571601667e+00	 1.80371528583464169060e-01	 2.04178765716960697318e-01	 1.42068827714410872431e-01	-1.25222646283986037474e+02	-9.05086239036215829401e+01	
-5.47560745986040783464e+04	 3.31010562882168278520e+03	-3.45418838489413610660e+04	 3.38362185449081705883e+05	-3.40116589592926743535e+02	 1.04249132171887758886e+04	-9.32174229411706328392e+04	 1.25061408648752239969e+04	-1.38885698275992879644e+05	 5.70676065119981765747e+05	-2.66476565407642046921e+05	 6.48439744934546761215e+04	-4.20147565892476359295e+03	 1.96202693021267123186e+02	 7.32661115027121923049e+00	 1.72317962832153170893e-01	 1.37596690263904974927e-01	 6.35288704111557578358e+01	 6.30935151278964099220e+01	
-3.43004798165023239562e+04	-5.59782502294541757237e+01	-3.44351316045864878106e+04	 2.73063327785285247955e+05	-1.90439567993943512647e+02	 8.44691239680127000611e+03	-2.49935917776049609529e+04	-1.40965103495445760018e+02	 3.29151398345418419922e+04	-2.66476565407642046921e+05	 6.76806396734846290201e+05	-3.42093828588474949356e+05	 7.30274694826199847739e+04	-4.43339742667495920614e+03	 1.27573692541978630288e+02	 2.24536388064854008917e+00	 3.42613306244146542667e-01	-1.33447134302868278155e+02	-1.23257132709582919006e+02	
-1.99952310322649791487e+04	-2.48244348257048568485e+03	-3.42323611712800193345e+04	 2.41266522686177719152e+05	-7.22406171599132562733e+01	 7.54878076993929607852e+03	-2.16565980456029355992e+04	 9.67337597140479488189e+01	-2.19585707283894316788e+03	 6.48439744934546761215e+04	-3.42093828588474949356e+05	 6.99849367916442570277e+05	-3.28747982310145802330e+05	 6.17436221796235913644e+04	-2.85385901268538509612e+03	 4.56060577315694217759e+01	 5.92554370669631680357e-01	 3.35612853076743391512e+01	 4.78700157866625772840e+01	
-1.03065965196517227014e+04	-4.42043215723937828443e+03	-3.52742913156541835633e+04	 2.25964936072371609043e+05	-2.26250079784791768844e+00	 7.22814471270672402170e+03	-8.03783083129131773603e+03	 1.04381487911907129273e+01	 1.39437330481668254833e+02	-4.20147565892476359295e+03	 7.30274694826199847739e+04	-3.28747982310145802330e+05	 6.15624131818085676059e+05	-2.59741708513419027440e+05	 3.75144258707933186088e+04	-8.85112993803271820070e+02	 4.41169938897928659571e+00	-4.92111031664825873122e+01	-4.59303842135414583936e+01	
 3.92711421028613040107e+03	-7.82799398059140912665e+03	-3.81948834785660874331e+04	 2.23636360032406490063e+05	 1.51938415564248032297e+02	 7.35193325287855077477e+03	-4.22069741912241715909e+03	 4.29640536757523250344e+00	 4.71473500566571601667e+00	 1.96202693021267123186e+02	-4.43339742667495920614e+03	 6.17436221796235913644e+04	-2.59741708513419027440e+05	 4.71121776718255947344e+05	-1.55057210901948739775e+05	 1.24132076519324400579e+04	-3.23062710085000617255e+01	-1.32651355545056350849e+01	 3.46946515644339115170e+00	
 2.25606248408022365766e+04	-1.15574472776415641420e+04	-4.34304630776482517831e+04	 2.35750869901660451433e+05	 2.91679627804645974720e+02	 8.09730822863165121817e+03	-2.20570146767706819446e+03	 2.45242089856139955373e+00	 1.80371528583464169060e-01	 7.32661115027121923049e+00	 1.27573692541978630288e+02	-2.85385901268538509612e+03	 3.75144258707933186088e+04	-1.55057210901948739775e+05	 3.05142587166077282745e+05	-6.02067015861472318647e+04	 1.29293696430789646001e+03	-3.49025004619116643312e+01	-3.04681048376165222180e+01	
 3.20297140690646701842e+04	-1.56972330702860381280e+04	-4.82569826852835976752e+04	 2.46566186484147037845e+05	 4.25603439701059301115e+02	 8.92949857453054937650e+03	-3.15301884514544963167e+03	 4.77073297326228384918e-01	 2.04178765716960697318e-01	 1.72317962832153170893e-01	 2.24536388064854008917e+00	 4.56060577315694217759e+01	-8.85112993803271820070e+02	 1.24132076519324400579e+04	-6.02067015861472318647e+04	 1.88225256330279575195e+05	-1.36213826957377732469e+04	-7.21271699289668788424e+01	-6.08970320349226312828e+01	
 6.86790714471378596500e+04	-2.11420954157381311234e+04	-4.64996318352570524439e+04	 2.15916735825414332794e+05	 7.28908974503999843364e+02	 8.72533835867149537080e+03	-1.31697217796811928565e+04	 8.23001870653428113656e-01	 1.42068827714410872431e-01	 1.37596690263904974927e-01	 3.42613306244146542667e-01	 5.92554370669631680357e-01	 4.41169938897928659571e+00	-3.23062710085000617255e+01	 1.29293696430789646001e+03	-1.36213826957377732469e+04	 1.09621609759845887311e+05	-4.80843830190010123715e+02	-8.48043505380622718803e+02	
 6.88451952042670200171e+02	-1.73475612101045157942e+02	-3.58115429010888874473e+02	-1.00108797958561535779e+03	 4.29917392637552708834e+00	-1.01978051541351703690e+02	 8.25494438255971181206e+03	 3.26712141677559344544e+01	-1.25222646283986037474e+02	 6.35288704111557578358e+01	-1.33447134302868278155e+02	 3.35612853076743391512e+01	-4.92111031664825873122e+01	-1.32651355545056350849e+01	-3.49025004619116643312e+01	-7.21271699289668788424e+01	-4.80843830190010123715e+02	 1.65188096025942718370e+03	 2.66101465697338835525e+03	
 8.61253257471547954083e+02	-2.07916305425202267543e+02	-4.30564823237139421508e+02	-7.49153180526596088384e+02	 5.05910297127580221854e+00	-1.48768808372380760829e+02	 1.42438134496674247202e+04	 2.21089257091646231856e+01	-9.05086239036215829401e+01	 6.30935151278964099220e+01	-1.23257132709582919006e+02	 4.78700157866625772840e+01	-4.59303842135414583936e+01	 3.46946515644339115170e+00	-3.04681048376165222180e+01	-6.08970320349226312828e+01	-8.48043505380622718803e+02	 2.66101465697338835525e+03	 4.35924016186483004276e+03	
