#          Omega_b,                h,              n_s,           sigma8,       N_eff_camb,        m_nu_camb,     Omega_m_camb,           bias_1,           bias_2,           bias_3,           bias_4,           bias_5,           bias_6,           bias_7,           bias_8,           bias_9,          bias_10,              aIA,            etaIA
 3.12192746263166554272e+07	-5.15929640877661295235e+06	-8.15721224589416198432e+06	-3.83031557366282790899e+07	 1.81972673825621692231e+05	-6.39479664700470631942e+05	-1.89712614559703730047e+07	-2.55709561969517869875e+06	-1.96866937520024389960e+06	-1.73158777907079248689e+06	-2.80509786483474716078e+05	 1.11320031078357808292e+06	 1.87763851060304907151e+05	-1.15003110814311448485e+06	-1.51638328783518075943e+06	-1.18483073005397152156e+06	-7.10508754546420415863e+05	 1.95056729492777463975e+02	-4.73155150277705274675e+02	
-5.15929640877661295235e+06	 1.42788386804729257710e+06	 1.90017075640645343810e+06	 8.59748708263405226171e+06	-4.55252720856245432515e+04	 1.47318430788740952266e+05	 3.79008191741811530665e+06	 6.70950903363981400616e+05	 4.98282074870697048027e+05	 4.06072154130720533431e+05	 3.95610336053922655992e+05	 3.73882258350534306373e+05	 3.76120979669738386292e+05	 3.23713817292068619281e+05	 3.52273120027983968612e+05	 3.03604886624935665168e+05	 1.75695038564649177715e+05	-5.19884622222855909968e+01	 1.29846172935579346586e+02	
-8.15721224589416198432e+06	 1.90017075640645343810e+06	 8.19527060099581256509e+06	 1.43605481149830166250e+07	-6.54621716465190402232e+04	 2.46291420208646624815e+05	 1.02297914598074834794e+07	 1.15430353185708634555e+06	 8.05707850337470881641e+05	 6.92153235558772692457e+05	-1.95633582052633282728e+05	-1.02995368822264543269e+06	-4.92332480219424469396e+05	 3.52274616041634581052e+05	 5.31182764224278391339e+05	 3.72593334679385996424e+05	 2.19100961831152613740e+05	-2.89274510481596905720e+02	-8.35539870141001301818e+01	
-3.83031557366282790899e+07	 8.59748708263405226171e+06	 1.43605481149830166250e+07	 7.92645544430885463953e+07	-2.39607616374308185186e+05	 1.27106096603262517601e+06	 2.37162294760039523244e+07	 5.94878212026673182845e+06	 5.04939831653078272939e+06	 3.99403472367244912311e+06	 3.65218364887982606888e+06	 3.19202941650370601565e+06	 2.96433862813124200329e+06	 2.37035027941524423659e+06	 2.41792465949432691559e+06	 1.99025381513898889534e+06	 1.19837933042025589384e+06	 3.39151750964566303992e+02	 1.69074559881577329179e+03	
 1.81972673825621692231e+05	-4.55252720856245432515e+04	-6.54621716465190402232e+04	-2.39607616374308185186e+05	 1.87946859973878531491e+03	-5.00914635263695072354e+03	-6.99209937753285630606e+04	-2.05562667953466734616e+04	-1.53724327312344994425e+04	-1.34127086181011509325e+04	-2.78141203750822660368e+03	 7.42013049210645658604e+03	 5.54632415925295390480e+02	-9.20162364131455797178e+03	-1.20073024596791965450e+04	-9.47545775460373988608e+03	-5.62126272265714214882e+03	-3.34509760881289974765e-01	-7.13707092479215976510e+00	
-6.39479664700470631942e+05	 1.47318430788740952266e+05	 2.46291420208646624815e+05	 1.27106096603262517601e+06	-5.00914635263695072354e+03	 2.88996197336249097134e+04	-5.27384137162625556812e+05	 6.97800020604796882253e+04	 8.35351364939527120441e+04	 7.31941495492115209345e+04	 7.02404806586002232507e+04	 6.27699630760175423347e+04	 5.87201666817031073151e+04	 4.69157785410632350249e+04	 4.76184064674075270887e+04	 3.91825991462055098964e+04	 2.48400964834334736224e+04	-1.46642498845471493496e+02	-2.32007480919586328127e+02	
-1.89712614559703730047e+07	 3.79008191741811530665e+06	 1.02297914598074834794e+07	 2.37162294760039523244e+07	-6.99209937753285630606e+04	-5.27384137162625556812e+05	 2.11830758978050872684e+07	-8.44775049391548498534e+05	 3.30360099917885963805e+05	 6.13974339594971854240e+05	 7.74318654872411163524e+05	 8.49190208060399163514e+05	 9.30449244201186811551e+05	 8.46732338251927634701e+05	 9.62239476647320669144e+05	 8.66550040666703251190e+05	 5.38233982369515346363e+05	 1.62805355787097032589e+04	 2.85682460890109214233e+04	
-2.55709561969517869875e+06	 6.70950903363981400616e+05	 1.15430353185708634555e+06	 5.94878212026673182845e+06	-2.05562667953466734616e+04	 6.97800020604796882253e+04	-8.44775049391548498534e+05	 3.55190024743844987825e+06	 3.60415947578670689836e+05	 7.76249232160070096143e+03	 2.85903971387904539370e+03	 5.10089460472412611125e+02	 1.51171553684627212988e+02	 6.41217831271848268671e+01	 3.06163094146291925313e+01	 2.91544946487081624298e+00	 4.48076219545142073741e+00	 8.15524209709853664663e+01	 4.75251083994539271771e+01	
-1.96866937520024389960e+06	 4.98282074870697048027e+05	 8.05707850337470881641e+05	 5.04939831653078272939e+06	-1.53724327312344994425e+04	 8.35351364939527120441e+04	 3.30360099917885963805e+05	 3.60415947578670689836e+05	 1.87285471985462214798e+06	 3.54440836109569179825e+05	 9.60093841008236267953e+03	 2.29188974987670962946e+03	 3.56715131148447767373e+02	 3.27880754750325067448e+01	 1.17945045787412254867e+01	 1.48051737640628999770e+00	 1.33303127373003071909e+00	-2.37415973523015750857e+01	-2.51883662657775175830e+01	
-1.73158777907079248689e+06	 4.06072154130720533431e+05	 6.92153235558772692457e+05	 3.99403472367244912311e+06	-1.34127086181011509325e+04	 7.31941495492115209345e+04	 6.13974339594971854240e+05	 7.76249232160070096143e+03	 3.54440836109569179825e+05	 1.13812225518400664441e+06	 3.38749548477831645869e+05	 9.00595107782703598787e+03	 2.00857766439472516140e+03	 2.65369288206851592804e+02	 2.95508555206150340666e+01	 5.89382088622060873462e+00	 4.99240173071168413799e-01	 2.58563711499522632664e+01	 2.46160912809117462530e+01	
-2.80509786483474716078e+05	 3.95610336053922655992e+05	-1.95633582052633282728e+05	 3.65218364887982606888e+06	-2.78141203750822660368e+03	 7.02404806586002232507e+04	 7.74318654872411163524e+05	 2.85903971387904539370e+03	 9.60093841008236267953e+03	 3.38749548477831645869e+05	 9.31073007915801252238e+05	 2.99184388578742393292e+05	 1.08607923115790927113e+04	 1.76085967434980648250e+03	 2.30540087438922114416e+02	 1.72371068888951306519e+01	 4.74481109356209795891e+00	 1.34090802064788725545e+01	 1.23586654530842565691e+01	
 1.11320031078357808292e+06	 3.73882258350534306373e+05	-1.02995368822264543269e+06	 3.19202941650370601565e+06	 7.42013049210645658604e+03	 6.27699630760175423347e+04	 8.49190208060399163514e+05	 5.10089460472412611125e+02	 2.29188974987670962946e+03	 9.00595107782703598787e+03	 2.99184388578742393292e+05	 7.49107563413908705115e+05	 2.65068017964997328818e+05	 8.56041471480103064096e+03	 1.61143070293962364303e+03	 1.26859933820280303962e+02	 1.05024911827044000745e+01	 8.77385455815501424937e-02	 5.00545166859706114337e+00	
 1.87763851060304907151e+05	 3.76120979669738386292e+05	-4.92332480219424469396e+05	 2.96433862813124200329e+06	 5.54632415925295390480e+02	 5.87201666817031073151e+04	 9.30449244201186811551e+05	 1.51171553684627212988e+02	 3.56715131148447767373e+02	 2.00857766439472516140e+03	 1.08607923115790927113e+04	 2.65068017964997328818e+05	 6.87316155207453062758e+05	 2.27999476716618344653e+05	 1.18028330253457788785e+04	 9.89066585820714635702e+02	 7.08492571496852434620e+01	 4.08452723558349148902e+01	 4.37611642375600240484e+01	
-1.15003110814311448485e+06	 3.23713817292068619281e+05	 3.52274616041634581052e+05	 2.37035027941524423659e+06	-9.20162364131455797178e+03	 4.69157785410632350249e+04	 8.46732338251927634701e+05	 6.41217831271848268671e+01	 3.27880754750325067448e+01	 2.65369288206851592804e+02	 1.76085967434980648250e+03	 8.56041471480103064096e+03	 2.27999476716618344653e+05	 5.09313679858822142705e+05	 1.93693910063486313447e+05	 4.85594818105557169474e+03	 3.62259071676696407849e+02	 4.23674862954595567999e+01	 5.08743725146119913916e+01	
-1.51638328783518075943e+06	 3.52273120027983968612e+05	 5.31182764224278391339e+05	 2.41792465949432691559e+06	-1.20073024596791965450e+04	 4.76184064674075270887e+04	 9.62239476647320669144e+05	 3.06163094146291925313e+01	 1.17945045787412254867e+01	 2.95508555206150340666e+01	 2.30540087438922114416e+02	 1.61143070293962364303e+03	 1.18028330253457788785e+04	 1.93693910063486313447e+05	 5.97456324341529165395e+05	 1.47362122341623151442e+05	 2.69677849657641309022e+03	 6.02763455974651307656e+01	 8.95451960837496017120e+01	
-1.18483073005397152156e+06	 3.03604886624935665168e+05	 3.72593334679385996424e+05	 1.99025381513898889534e+06	-9.47545775460373988608e+03	 3.91825991462055098964e+04	 8.66550040666703251190e+05	 2.91544946487081624298e+00	 1.48051737640628999770e+00	 5.89382088622060873462e+00	 1.72371068888951306519e+01	 1.26859933820280303962e+02	 9.89066585820714635702e+02	 4.85594818105557169474e+03	 1.47362122341623151442e+05	 5.54781040618103696033e+05	 7.30822036571477947291e+04	-3.06113289234015724105e+01	-6.64550845749996028644e+01	
-7.10508754546420415863e+05	 1.75695038564649177715e+05	 2.19100961831152613740e+05	 1.19837933042025589384e+06	-5.62126272265714214882e+03	 2.48400964834334736224e+04	 5.38233982369515346363e+05	 4.48076219545142073741e+00	 1.33303127373003071909e+00	 4.99240173071168413799e-01	 4.74481109356209795891e+00	 1.05024911827044000745e+01	 7.08492571496852434620e+01	 3.62259071676696407849e+02	 2.69677849657641309022e+03	 7.30822036571477947291e+04	 3.85330450875552021898e+05	-2.23866744059015758239e+02	-3.91307952703319188004e+02	
 1.95056729492777463975e+02	-5.19884622222855909968e+01	-2.89274510481596905720e+02	 3.39151750964566303992e+02	-3.34509760881289974765e-01	-1.46642498845471493496e+02	 1.62805355787097032589e+04	 8.15524209709853664663e+01	-2.37415973523015750857e+01	 2.58563711499522632664e+01	 1.34090802064788725545e+01	 8.77385455815501424937e-02	 4.08452723558349148902e+01	 4.23674862954595567999e+01	 6.02763455974651307656e+01	-3.06113289234015724105e+01	-2.23866744059015758239e+02	 3.25846994121728630489e+03	 5.21250117876228432579e+03	
-4.73155150277705274675e+02	 1.29846172935579346586e+02	-8.35539870141001301818e+01	 1.69074559881577329179e+03	-7.13707092479215976510e+00	-2.32007480919586328127e+02	 2.85682460890109214233e+04	 4.75251083994539271771e+01	-2.51883662657775175830e+01	 2.46160912809117462530e+01	 1.23586654530842565691e+01	 5.00545166859706114337e+00	 4.37611642375600240484e+01	 5.08743725146119913916e+01	 8.95451960837496017120e+01	-6.64550845749996028644e+01	-3.91307952703319188004e+02	 5.21250117876228432579e+03	 8.51471368747988890391e+03	
