#          Omega_b,                h,              n_s,           sigma8,       N_eff_camb,        m_nu_camb,     Omega_m_camb,           bias_1,           bias_2,           bias_3,           bias_4,           bias_5,           bias_6,           bias_7,           bias_8,           bias_9,          bias_10,              aIA,            etaIA
 2.27694474460592679679e+07	-5.40582021808888763189e+06	-8.19659733370121382177e+06	-3.84765068016024529934e+07	 1.59724961285616853274e+05	-2.21510416829299274832e+06	-1.47189147246933970600e+07	-2.56881690969756897539e+06	-1.96256576997427525930e+06	-1.61613089516106573865e+06	-1.58136496749062859453e+06	-1.49724751926249591634e+06	-1.50727519256011815742e+06	-1.29750158122615283355e+06	-1.41341261498015280813e+06	-1.22254232740482129157e+06	-7.15364706010411493480e+05	 2.05038771739580340636e+02	-4.53403854518888692837e+02	
-5.40582021808888763189e+06	 1.29849471823137579486e+06	 1.98675366939192498103e+06	 9.18073830138652399182e+06	-3.80999344204422668554e+04	 5.24708546142981387675e+05	 3.61603120433337148279e+06	 6.14853724050015211105e+05	 4.57595781569979037158e+05	 3.75950857900520786643e+05	 3.68888602784620947205e+05	 3.51033060431976802647e+05	 3.55108117209749703761e+05	 3.06923889641308574937e+05	 3.35101803231049911119e+05	 2.89362256950089999009e+05	 1.66863160743629036006e+05	-5.45097905915950633471e+01	 1.29533577297711929077e+02	
-8.19659733370121382177e+06	 1.98675366939192498103e+06	 3.12357851393016800284e+06	 1.44312439616502318531e+07	-5.72771893065871408908e+04	 8.25261356009237235412e+05	 5.45316737217248417437e+06	 1.16042741993608418852e+06	 8.01073601630637422204e+05	 6.21799226686772890389e+05	 5.82802792215959751047e+05	 5.33573353400303167291e+05	 5.22379102347330772318e+05	 4.39328735107889573555e+05	 4.67748466526255942881e+05	 3.93246544708731351420e+05	 2.20312968405454041203e+05	-2.97297772223265155844e+02	-9.81861034541715014257e+01	
-3.84765068016024529934e+07	 9.18073830138652399182e+06	 1.44312439616502318531e+07	 7.95950655513648241758e+07	-2.55818478040126734413e+05	 4.69598650610026717186e+06	 2.51623397128909006715e+07	 5.97131893084317818284e+06	 5.06743179353991989046e+06	 4.00841854302181024104e+06	 3.66540762735324399546e+06	 3.20440285108427470550e+06	 2.97680805924045760185e+06	 2.38120660954335425049e+06	 2.43031889840966090560e+06	 2.00240009422615775838e+06	 1.20749547015671990812e+06	 3.40337065583980745487e+02	 1.69224918903280604354e+03	
 1.59724961285616853274e+05	-3.80999344204422668554e+04	-5.72771893065871408908e+04	-2.55818478040126734413e+05	 1.14665122939486650466e+03	-1.43578000907267196453e+04	-1.09097959204502025386e+05	-1.57402557291859066027e+04	-1.17983909181464896392e+04	-9.93557747144771929015e+03	-9.98337444363321628771e+03	-9.71160902608606738795e+03	-1.00034852251927768521e+04	-8.76589489774620597018e+03	-9.66990909252025812748e+03	-8.39891862490423045529e+03	-4.78554078013330763497e+03	-1.69157818056025088804e-01	-7.13661363917625024555e+00	
-2.21510416829299274832e+06	 5.24708546142981387675e+05	 8.25261356009237235412e+05	 4.69598650610026717186e+06	-1.43578000907267196453e+04	 2.95099067934553080704e+05	 1.05200630368262040429e+06	 3.99477715077844797634e+05	 3.21277445395802904386e+05	 2.50376697756890614983e+05	 2.28104138313816627488e+05	 1.99141032705317833461e+05	 1.85679811686503962846e+05	 1.49666193008540954906e+05	 1.54843537515661475481e+05	 1.30956779015028034337e+05	 8.37596808559846831486e+04	-9.28112617149595990895e+01	-1.68928529795481836118e+02	
-1.47189147246933970600e+07	 3.61603120433337148279e+06	 5.45316737217248417437e+06	 2.51623397128909006715e+07	-1.09097959204502025386e+05	 1.05200630368262040429e+06	 2.09814095299950502813e+07	-9.09690342621258459985e+05	 2.86512597457699361257e+05	 5.82140149011258734390e+05	 7.46507608520186739042e+05	 8.26411047172221122310e+05	 9.10393762118311133236e+05	 8.31185464263871777803e+05	 9.46928138329202774912e+05	 8.54922420200438704342e+05	 5.31882304862525546923e+05	 1.63262802455792880210e+04	 2.86487957005975040374e+04	
-2.56881690969756897539e+06	 6.14853724050015211105e+05	 1.16042741993608418852e+06	 5.97131893084317818284e+06	-1.57402557291859066027e+04	 3.99477715077844797634e+05	-9.09690342621258459985e+05	 3.56549695591443963349e+06	 3.61323051593411364593e+05	 7.76864556967418320710e+03	 2.87599264451922499575e+03	 5.09731968308444038485e+02	 1.49950155353332490904e+02	 6.33882238642365436476e+01	 3.02970257095831385641e+01	 2.77480594372779165724e+00	 4.42738708144903370112e+00	 8.14957303098836263189e+01	 4.73794878215616108719e+01	
-1.96256576997427525930e+06	 4.57595781569979037158e+05	 8.01073601630637422204e+05	 5.06743179353991989046e+06	-1.17983909181464896392e+04	 3.21277445395802904386e+05	 2.86512597457699361257e+05	 3.61323051593411364593e+05	 1.88003001817767019384e+06	 3.55083535203947918490e+05	 9.62173926973665948026e+03	 2.30722874069185627377e+03	 3.58547620438031799495e+02	 3.29970021561674968780e+01	 1.19490770831601480495e+01	 1.82382672508508747455e+00	 1.59652440561085029458e+00	-2.40548652807750329430e+01	-2.54358762452143878363e+01	
-1.61613089516106573865e+06	 3.75950857900520786643e+05	 6.21799226686772890389e+05	 4.00841854302181024104e+06	-9.93557747144771929015e+03	 2.50376697756890614983e+05	 5.82140149011258734390e+05	 7.76864556967418320710e+03	 3.55083535203947918490e+05	 1.14275436347048217431e+06	 3.39555909985457721632e+05	 9.01180135729768699093e+03	 2.02005414252699165445e+03	 2.67561746189316863820e+02	 3.00507005800374429327e+01	 5.87410499567467780935e+00	 8.08671636555363448906e-01	 2.62429962110980099510e+01	 2.49562637766760531122e+01	
-1.58136496749062859453e+06	 3.68888602784620947205e+05	 5.82802792215959751047e+05	 3.66540762735324399546e+06	-9.98337444363321628771e+03	 2.28104138313816627488e+05	 7.46507608520186739042e+05	 2.87599264451922499575e+03	 9.62173926973665948026e+03	 3.39555909985457721632e+05	 9.34831550269485218450e+05	 2.99994189918023184873e+05	 1.08610255652073974488e+04	 1.77139308854804721705e+03	 2.32103146749745633315e+02	 1.74807830064599656339e+01	 4.63579011268874907614e+00	 1.37405188487444256396e+01	 1.26637260227778938315e+01	
-1.49724751926249591634e+06	 3.51033060431976802647e+05	 5.33573353400303167291e+05	 3.20440285108427470550e+06	-9.71160902608606738795e+03	 1.99141032705317833461e+05	 8.26411047172221122310e+05	 5.09731968308444038485e+02	 2.30722874069185627377e+03	 9.01180135729768699093e+03	 2.99994189918023184873e+05	 7.52285115185685572214e+05	 2.65860839740923140198e+05	 8.56222856990950094769e+03	 1.62297259543035102070e+03	 1.27651293941261059217e+02	 1.06372956468285035925e+01	 3.34710230442863243550e-01	 5.28375576711619032722e+00	
-1.50727519256011815742e+06	 3.55108117209749703761e+05	 5.22379102347330772318e+05	 2.97680805924045760185e+06	-1.00034852251927768521e+04	 1.85679811686503962846e+05	 9.10393762118311133236e+05	 1.49950155353332490904e+02	 3.58547620438031799495e+02	 2.02005414252699165445e+03	 1.08610255652073974488e+04	 2.65860839740923140198e+05	 6.90394231368927052245e+05	 2.28783963573489221744e+05	 1.18142495902476002811e+04	 9.96962443779799286858e+02	 7.16268182316923542885e+01	 4.11478734293485075568e+01	 4.41035192012718084698e+01	
-1.29750158122615283355e+06	 3.06923889641308574937e+05	 4.39328735107889573555e+05	 2.38120660954335425049e+06	-8.76589489774620597018e+03	 1.49666193008540954906e+05	 8.31185464263871777803e+05	 6.33882238642365436476e+01	 3.29970021561674968780e+01	 2.67561746189316863820e+02	 1.77139308854804721705e+03	 8.56222856990950094769e+03	 2.28783963573489221744e+05	 5.11831988885516766459e+05	 1.94419121460950293113e+05	 4.87199261325535189826e+03	 3.65530766117365089940e+02	 4.24861220614761521119e+01	 5.09826439012651064786e+01	
-1.41341261498015280813e+06	 3.35101803231049911119e+05	 4.67748466526255942881e+05	 2.43031889840966090560e+06	-9.66990909252025812748e+03	 1.54843537515661475481e+05	 9.46928138329202774912e+05	 3.02970257095831385641e+01	 1.19490770831601480495e+01	 3.00507005800374429327e+01	 2.32103146749745633315e+02	 1.62297259543035102070e+03	 1.18142495902476002811e+04	 1.94419121460950293113e+05	 6.00709227260759682395e+05	 1.47999228233527974226e+05	 2.71078159666214651224e+03	 6.03260158116243729864e+01	 8.96646095924405415190e+01	
-1.22254232740482129157e+06	 2.89362256950089999009e+05	 3.93246544708731351420e+05	 2.00240009422615775838e+06	-8.39891862490423045529e+03	 1.30956779015028034337e+05	 8.54922420200438704342e+05	 2.77480594372779165724e+00	 1.82382672508508747455e+00	 5.87410499567467780935e+00	 1.74807830064599656339e+01	 1.27651293941261059217e+02	 9.96962443779799286858e+02	 4.87199261325535189826e+03	 1.47999228233527974226e+05	 5.58257252776193083264e+05	 7.35123300963963265531e+04	-3.16408628171744652491e+01	-6.81853102137091013901e+01	
-7.15364706010411493480e+05	 1.66863160743629036006e+05	 2.20312968405454041203e+05	 1.20749547015671990812e+06	-4.78554078013330763497e+03	 8.37596808559846831486e+04	 5.31882304862525546923e+05	 4.42738708144903370112e+00	 1.59652440561085029458e+00	 8.08671636555363448906e-01	 4.63579011268874907614e+00	 1.06372956468285035925e+01	 7.16268182316923542885e+01	 3.65530766117365089940e+02	 2.71078159666214651224e+03	 7.35123300963963265531e+04	 3.88221687227113230620e+05	-2.26821311940351250769e+02	-3.96523749220031504592e+02	
 2.05038771739580340636e+02	-5.45097905915950633471e+01	-2.97297772223265155844e+02	 3.40337065583980745487e+02	-1.69157818056025088804e-01	-9.28112617149595990895e+01	 1.63262802455792880210e+04	 8.14957303098836263189e+01	-2.40548652807750329430e+01	 2.62429962110980099510e+01	 1.37405188487444256396e+01	 3.34710230442863243550e-01	 4.11478734293485075568e+01	 4.24861220614761521119e+01	 6.03260158116243729864e+01	-3.16408628171744652491e+01	-2.26821311940351250769e+02	 3.26598005388624778789e+03	 5.22496469056261685182e+03	
-4.53403854518888692837e+02	 1.29533577297711929077e+02	-9.81861034541715014257e+01	 1.69224918903280604354e+03	-7.13661363917625024555e+00	-1.68928529795481836118e+02	 2.86487957005975040374e+04	 4.73794878215616108719e+01	-2.54358762452143878363e+01	 2.49562637766760531122e+01	 1.26637260227778938315e+01	 5.28375576711619032722e+00	 4.41035192012718084698e+01	 5.09826439012651064786e+01	 8.96646095924405415190e+01	-6.81853102137091013901e+01	-3.96523749220031504592e+02	 5.22496469056261685182e+03	 8.53566129613582597813e+03	
