#          Omega_b,                h,              n_s,           sigma8,       N_eff_camb,        m_nu_camb,     Omega_m_camb,           bias_1,           bias_2,           bias_3,           bias_4,           bias_5,           bias_6,           bias_7,           bias_8,           bias_9,          bias_10,              aIA,            etaIA
 2.26654452137759067118e+07	-5.65879922338022477925e+06	-8.15888336159560456872e+06	-3.83007944364752918482e+07	 1.82046806210577546153e+05	-6.36667853212653542869e+05	-1.49577874849859606475e+07	-2.55779163540385756642e+06	-1.95558093437099130824e+06	-1.61008707216317765415e+06	-1.57556980342618073337e+06	-1.49138579810328269377e+06	-1.50073120080463006161e+06	-1.29122205310625699349e+06	-1.40545487719089700840e+06	-1.21386303986731660552e+06	-7.08385650047880597413e+05	 2.08318409893057435056e+02	-4.48087663659124757487e+02	
-5.65879922338022477925e+06	 1.42806931675868644379e+06	 2.07977416352991992608e+06	 9.72071784406746737659e+06	-4.55459821084225841332e+04	 1.63378666710969730048e+05	 3.78980097622965974733e+06	 6.70817967750760726631e+05	 4.98261659312551608309e+05	 4.06092487804233445786e+05	 3.95656941320790268946e+05	 3.73956112725100014359e+05	 3.76193220862287271302e+05	 3.23752772121724905446e+05	 3.52322716184495599009e+05	 3.03656743817767361179e+05	 1.75732784478899149690e+05	-5.18719190038215458571e+01	 1.29997239243566724554e+02	
-8.15888336159560456872e+06	 2.07977416352991992608e+06	 3.10931406072682095692e+06	 1.43640437400508634746e+07	-6.54907093996908515692e+04	 2.45337105537753552198e+05	 5.54218063350692391396e+06	 1.15516734750752709806e+06	 7.98097697261433699168e+05	 6.19295656691645039245e+05	 5.80511065762998419814e+05	 5.31329700242956401780e+05	 5.19933210520054562949e+05	 4.37029624624245334417e+05	 4.64889420597805990838e+05	 3.90205068698399118148e+05	 2.17934679992716526613e+05	-2.97294022127744653972e+02	-9.85125844180392675753e+01	
-3.83007944364752918482e+07	 9.72071784406746737659e+06	 1.43640437400508634746e+07	 7.92707731077426075935e+07	-3.03005259444596653339e+05	 1.41789778737496235408e+06	 2.56920156536659039557e+07	 5.94896460999122448266e+06	 5.04978366365302819759e+06	 3.99431495050625782460e+06	 3.65239172895026206970e+06	 3.19228916340752691031e+06	 2.96458032436134945601e+06	 2.37042668711052834988e+06	 2.41779902986074052751e+06	 1.98997738263324461877e+06	 1.19820221202555997297e+06	 3.38711920279591822691e+02	 1.69012007280540842658e+03	
 1.82046806210577546153e+05	-4.55459821084225841332e+04	-6.54907093996908515692e+04	-3.03005259444596653339e+05	 1.47264112660190426141e+03	-4.96757802871328203764e+03	-1.20375929618454698357e+05	-2.05394519515790379955e+04	-1.52712829115840322629e+04	-1.25208614445039638667e+04	-1.22853275208527975337e+04	-1.16948491393391159363e+04	-1.18426866957659149193e+04	-1.02478036482550487563e+04	-1.12066886944064826821e+04	-9.70196673488196393009e+03	-5.61544320788397635624e+03	-2.71398113900021220601e-01	-6.99806055799977233534e+00	
-6.36667853212653542869e+05	 1.63378666710969730048e+05	 2.45337105537753552198e+05	 1.41789778737496235408e+06	-4.96757802871328203764e+03	 2.87359504488371167099e+04	 4.16962256905532616656e+05	 6.94810965938270674087e+04	 8.32875407288582355250e+04	 7.29795495449636946432e+04	 7.00289471410028490936e+04	 6.25685937594213319244e+04	 5.85134029691265022848e+04	 4.67351947305979556404e+04	 4.74222523148419350036e+04	 3.90139944550907093799e+04	 2.47369412379416462500e+04	-1.46633594974739054351e+02	-2.32081396752186094545e+02	
-1.49577874849859606475e+07	 3.78980097622965974733e+06	 5.54218063350692391396e+06	 2.56920156536659039557e+07	-1.20375929618454698357e+05	 4.16962256905532616656e+05	 2.11824414684633687139e+07	-8.45084368684034445323e+05	 3.30024434882009867579e+05	 6.13259237319172127172e+05	 7.73718313144188956358e+05	 8.49149929921914590523e+05	 9.30712479146154597402e+05	 8.46883696796076605096e+05	 9.62239443979816511273e+05	 8.66648015473842853680e+05	 5.38368025749312015250e+05	 1.62787487172288456350e+04	 2.85653644411089189816e+04	
-2.55779163540385756642e+06	 6.70817967750760726631e+05	 1.15516734750752709806e+06	 5.94896460999122448266e+06	-2.05394519515790379955e+04	 6.94810965938270674087e+04	-8.45084368684034445323e+05	 3.55202256357481563464e+06	 3.60420029804018035065e+05	 7.76282009845597622189e+03	 2.85890941005159811539e+03	 5.10828571831466319964e+02	 1.51035271250354355743e+02	 6.44296433940551622754e+01	 3.04630709201746547876e+01	 2.91961396112405502379e+00	 4.58220337927735599237e+00	 8.15540033332827647428e+01	 4.75364749436307647557e+01	
-1.95558093437099130824e+06	 4.98261659312551608309e+05	 7.98097697261433699168e+05	 5.04978366365302819759e+06	-1.52712829115840322629e+04	 8.32875407288582355250e+04	 3.30024434882009867579e+05	 3.60420029804018035065e+05	 1.87287168767298548482e+06	 3.54440382745046110358e+05	 9.60092165428645967040e+03	 2.29148566550298619404e+03	 3.56700841554246039777e+02	 3.31349868299884917633e+01	 1.22840055216890533529e+01	 1.51333124207925351357e+00	 1.49733335221042729302e+00	-2.37447775095239173027e+01	-2.51774441297982320975e+01	
-1.61008707216317765415e+06	 4.06092487804233445786e+05	 6.19295656691645039245e+05	 3.99431495050625782460e+06	-1.25208614445039638667e+04	 7.29795495449636946432e+04	 6.13259237319172127172e+05	 7.76282009845597622189e+03	 3.54440382745046110358e+05	 1.13811909274324565195e+06	 3.38748264398904750124e+05	 9.00594623461930132180e+03	 2.00826910073011958957e+03	 2.65793802509190356886e+02	 2.95850390194931627263e+01	 5.81059231484195581885e+00	 4.25727193814791959880e-01	 2.58587003817767353553e+01	 2.46263130897085602555e+01	
-1.57556980342618073337e+06	 3.95656941320790268946e+05	 5.80511065762998419814e+05	 3.65239172895026206970e+06	-1.22853275208527975337e+04	 7.00289471410028490936e+04	 7.73718313144188956358e+05	 2.85890941005159811539e+03	 9.60092165428645967040e+03	 3.38748264398904750124e+05	 9.31060809325780486688e+05	 2.99181459653548547067e+05	 1.08608041547906650521e+04	 1.76061743308434597566e+03	 2.30358771889028417945e+02	 1.71931473119501241342e+01	 4.44472413499891860766e+00	 1.34128111343887610474e+01	 1.23420187193560764172e+01	
-1.49138579810328269377e+06	 3.73956112725100014359e+05	 5.31329700242956401780e+05	 3.19228916340752691031e+06	-1.16948491393391159363e+04	 6.25685937594213319244e+04	 8.49149929921914590523e+05	 5.10828571831466319964e+02	 2.29148566550298619404e+03	 9.00594623461930132180e+03	 2.99181459653548547067e+05	 7.49091551370280561969e+05	 2.65063660821902973112e+05	 8.56047563813297892921e+03	 1.61158549047686665290e+03	 1.26718602537573730160e+02	 1.05041415788991230329e+01	 7.63231504444207842219e-02	 5.00036428199916826998e+00	
-1.50073120080463006161e+06	 3.76193220862287271302e+05	 5.19933210520054562949e+05	 2.96458032436134945601e+06	-1.18426866957659149193e+04	 5.85134029691265022848e+04	 9.30712479146154597402e+05	 1.51035271250354355743e+02	 3.56700841554246039777e+02	 2.00826910073011958957e+03	 1.08608041547906650521e+04	 2.65063660821902973112e+05	 6.87295165426452644169e+05	 2.27993892238315660506e+05	 1.18028525686018001579e+04	 9.88940608710229525968e+02	 7.10053398709652014986e+01	 4.08399907451376265044e+01	 4.37594383679910379215e+01	
-1.29122205310625699349e+06	 3.23752772121724905446e+05	 4.37029624624245334417e+05	 2.37042668711052834988e+06	-1.02478036482550487563e+04	 4.67351947305979556404e+04	 8.46883696796076605096e+05	 6.44296433940551622754e+01	 3.31349868299884917633e+01	 2.65793802509190356886e+02	 1.76061743308434597566e+03	 8.56047563813297892921e+03	 2.27993892238315660506e+05	 5.09291778083881770726e+05	 1.93686899506356829079e+05	 4.85596878626722718764e+03	 3.62237815647027900923e+02	 4.23540133525297903816e+01	 5.08786924651706158329e+01	
-1.40545487719089700840e+06	 3.52322716184495599009e+05	 4.64889420597805990838e+05	 2.41779902986074052751e+06	-1.12066886944064826821e+04	 4.74222523148419350036e+04	 9.62239443979816511273e+05	 3.04630709201746547876e+01	 1.22840055216890533529e+01	 2.95850390194931627263e+01	 2.30358771889028417945e+02	 1.61158549047686665290e+03	 1.18028525686018001579e+04	 1.93686899506356829079e+05	 5.97421564622245379724e+05	 1.47354659536283841589e+05	 2.69659250465641252958e+03	 6.02687477865099481278e+01	 8.95549331451093166834e+01	
-1.21386303986731660552e+06	 3.03656743817767361179e+05	 3.90205068698399118148e+05	 1.98997738263324461877e+06	-9.70196673488196393009e+03	 3.90139944550907093799e+04	 8.66648015473842853680e+05	 2.91961396112405502379e+00	 1.51333124207925351357e+00	 5.81059231484195581885e+00	 1.71931473119501241342e+01	 1.26718602537573730160e+02	 9.88940608710229525968e+02	 4.85596878626722718764e+03	 1.47354659536283841589e+05	 5.54735841155424830504e+05	 7.30762457165881933179e+04	-3.06177038739544968848e+01	-6.64592192883396251091e+01	
-7.08385650047880597413e+05	 1.75732784478899149690e+05	 2.17934679992716526613e+05	 1.19820221202555997297e+06	-5.61544320788397635624e+03	 2.47369412379416462500e+04	 5.38368025749312015250e+05	 4.58220337927735599237e+00	 1.49733335221042729302e+00	 4.25727193814791959880e-01	 4.44472413499891860766e+00	 1.05041415788991230329e+01	 7.10053398709652014986e+01	 3.62237815647027900923e+02	 2.69659250465641252958e+03	 7.30762457165881933179e+04	 3.85286878170708485413e+05	-2.23852935644193735243e+02	-3.91287473500055966724e+02	
 2.08318409893057435056e+02	-5.18719190038215458571e+01	-2.97294022127744653972e+02	 3.38711920279591822691e+02	-2.71398113900021220601e-01	-1.46633594974739054351e+02	 1.62787487172288456350e+04	 8.15540033332827647428e+01	-2.37447775095239173027e+01	 2.58587003817767353553e+01	 1.34128111343887610474e+01	 7.63231504444207842219e-02	 4.08399907451376265044e+01	 4.23540133525297903816e+01	 6.02687477865099481278e+01	-3.06177038739544968848e+01	-2.23852935644193735243e+02	 3.25815657536116987103e+03	 5.21199061510071169323e+03	
-4.48087663659124757487e+02	 1.29997239243566724554e+02	-9.85125844180392675753e+01	 1.69012007280540842658e+03	-6.99806055799977233534e+00	-2.32081396752186094545e+02	 2.85653644411089189816e+04	 4.75364749436307647557e+01	-2.51774441297982320975e+01	 2.46263130897085602555e+01	 1.23420187193560764172e+01	 5.00036428199916826998e+00	 4.37594383679910379215e+01	 5.08786924651706158329e+01	 8.95549331451093166834e+01	-6.64592192883396251091e+01	-3.91287473500055966724e+02	 5.21199061510071169323e+03	 8.51386977149811536947e+03	
