#          Omega_b,                h,              n_s,           sigma8,       N_eff_camb,        m_nu_camb,     Omega_m_camb,           bias_1,           bias_2,           bias_3,           bias_4,           bias_5,           bias_6,           bias_7,           bias_8,           bias_9,          bias_10,              aIA,            etaIA
 3.12159965609122365713e+07	-5.15782477697249129415e+06	-8.15560652993566915393e+06	-3.82939263297628164291e+07	 1.81872830853279912844e+05	-6.38826256962276762351e+05	-1.89638305726298987865e+07	-2.55638587263747584075e+06	-1.96808855375605449080e+06	-1.73117367445795191452e+06	-2.79902473177202278748e+05	 1.11401905320296064019e+06	 1.88424948577755014412e+05	-1.14971334183674072847e+06	-1.51611761756352963857e+06	-1.18460421140724630095e+06	-7.10382439621411263943e+05	 1.95041612613181314373e+02	-4.86436205457561300136e+02	
-5.15782477697249129415e+06	 1.42822962817396526225e+06	 1.90065900700928084552e+06	 8.59926060963876359165e+06	-4.54850286061683145817e+04	 1.47258124824336322490e+05	 3.78884308080179151148e+06	 6.71127551933689275756e+05	 4.98401823766720597632e+05	 4.06153461343536211643e+05	 3.95675594998833141290e+05	 3.73929253917770343833e+05	 3.76156681427431642078e+05	 3.23739095355553436093e+05	 3.52299620015120366588e+05	 3.03631084626219235361e+05	 1.75712762708711903542e+05	-5.19889433948611952019e+01	 1.33542691319124969596e+02	
-8.15560652993566915393e+06	 1.90065900700928084552e+06	 8.19717892274667043239e+06	 1.43605652405657414347e+07	-6.54309586716185222031e+04	 2.46118411078309552977e+05	 1.02338847924124412239e+07	 1.15417889661203511059e+06	 8.05656234076282009482e+05	 6.92174030063690617681e+05	-1.95752499422897468321e+05	-1.03019286417456076015e+06	-4.92486297337867668830e+05	 3.52261318543163710274e+05	 5.31192078443694394082e+05	 3.72589669897315674461e+05	 2.19100258204133569961e+05	-2.89252007845907883166e+02	-7.93706051059489254840e+01	
-3.82939263297628164291e+07	 8.59926060963876359165e+06	 1.43605652405657414347e+07	 7.92646857896718382835e+07	-2.39362668809779919684e+05	 1.27001603914189850911e+06	 2.37322814156739562750e+07	 5.94878860070012509823e+06	 5.04940436525936145335e+06	 3.99403937125013768673e+06	 3.65218759527180436999e+06	 3.19203190203695371747e+06	 2.96433988590838387609e+06	 2.37035038289840426296e+06	 2.41792333045749645680e+06	 1.99025170964635303244e+06	 1.19837777536436100490e+06	 3.39132320601868400445e+02	 1.71503881778119830415e+03	
 1.81872830853279912844e+05	-4.54850286061683145817e+04	-6.54309586716185222031e+04	-2.39362668809779919684e+05	 1.87942324588590622625e+03	-5.01029628038801365619e+03	-6.97964234391139616491e+04	-2.05517849480558143114e+04	-1.53646526738906450191e+04	-1.34034843543330644025e+04	-2.76942658671754770694e+03	 7.43306363214870452794e+03	 5.66124992079407093115e+02	-9.19392942140023842512e+03	-1.20006298521820372116e+04	-9.47138711940008215606e+03	-5.61992507592922811455e+03	-3.33766700426908036192e-01	-7.26012957170564732223e+00	
-6.38826256962276762351e+05	 1.47258124824336322490e+05	 2.46118411078309552977e+05	 1.27001603914189850911e+06	-5.01029628038801365619e+03	 2.88638589473142637871e+04	-5.28188335711785592139e+05	 6.97666834137179830577e+04	 8.35151411018845101353e+04	 7.31694463849583116826e+04	 7.02093779188607877586e+04	 6.27347388173513463698e+04	 5.86800112989039407694e+04	 4.68766083935433562146e+04	 4.75697209661119850352e+04	 3.91386295889415778220e+04	 2.48180217658331675921e+04	-1.46658930378813607831e+02	-2.32779160295671772474e+02	
-1.89638305726298987865e+07	 3.78884308080179151148e+06	 1.02338847924124412239e+07	 2.37322814156739562750e+07	-6.97964234391139616491e+04	-5.28188335711785592139e+05	 2.11916547137374356389e+07	-8.42735010552037041634e+05	 3.31662962794798135292e+05	 6.14654943858091020957e+05	 7.74730333284925087355e+05	 8.49464877120091812685e+05	 9.30718055026461835951e+05	 8.46994100359620410018e+05	 9.62563252005690708756e+05	 8.66872076731646433473e+05	 5.38434134638701565564e+05	 1.62801500335596028890e+04	 2.87169628113155777100e+04	
-2.55638587263747584075e+06	 6.71127551933689275756e+05	 1.15417889661203511059e+06	 5.94878860070012509823e+06	-2.05517849480558143114e+04	 6.97666834137179830577e+04	-8.42735010552037041634e+05	 3.55189943954123510048e+06	 3.60415814165334159043e+05	 7.76260908267728700594e+03	 2.85920927411023058085e+03	 5.10231158846078187707e+02	 1.51014699734901512329e+02	 6.40734411468696833936e+01	 3.05509870347337333385e+01	 3.10904149570426646676e+00	 4.52886209950029083871e+00	 8.15443848867849396811e+01	 4.76777237513815634884e+01	
-1.96808855375605449080e+06	 4.98401823766720597632e+05	 8.05656234076282009482e+05	 5.04940436525936145335e+06	-1.53646526738906450191e+04	 8.35151411018845101353e+04	 3.31662962794798135292e+05	 3.60415814165334159043e+05	 1.87285407503260881640e+06	 3.54440361161839275155e+05	 9.60080834316858090460e+03	 2.29141108729660709287e+03	 3.56564915524343177822e+02	 3.28986403252689214582e+01	 1.21181025552508323528e+01	 1.56227737073560213332e+00	 1.88509100288642450494e+00	-2.37496947314485211677e+01	-2.51227442134440934751e+01	
-1.73117367445795191452e+06	 4.06153461343536211643e+05	 6.92174030063690617681e+05	 3.99403937125013768673e+06	-1.34034843543330644025e+04	 7.31694463849583116826e+04	 6.14654943858091020957e+05	 7.76260908267728700594e+03	 3.54440361161839275155e+05	 1.13812160304874647409e+06	 3.38749581620493554510e+05	 9.00628737971610280511e+03	 2.00880805890435522088e+03	 2.65747881046723705367e+02	 2.97608709293840227872e+01	 6.15274622588405417645e+00	 8.49757574678369209664e-01	 2.58580043925599589727e+01	 2.45883358709652384277e+01	
-2.79902473177202278748e+05	 3.95675594998833141290e+05	-1.95752499422897468321e+05	 3.65218759527180436999e+06	-2.76942658671754770694e+03	 7.02093779188607877586e+04	 7.74730333284925087355e+05	 2.85920927411023058085e+03	 9.60080834316858090460e+03	 3.38749581620493554510e+05	 9.31072143908570054919e+05	 2.99184531794778653421e+05	 1.08607654222962937638e+04	 1.76031880805370178678e+03	 2.30293579161576190018e+02	 1.73917252767157251014e+01	 4.57511754167469231191e+00	 1.34147060462378817647e+01	 1.23122630605466838460e+01	
 1.11401905320296064019e+06	 3.73929253917770343833e+05	-1.03019286417456076015e+06	 3.19203190203695371747e+06	 7.43306363214870452794e+03	 6.27347388173513463698e+04	 8.49464877120091812685e+05	 5.10231158846078187707e+02	 2.29141108729660709287e+03	 9.00628737971610280511e+03	 2.99184531794778653421e+05	 7.49106057365807471797e+05	 2.65067650893150595948e+05	 8.56069776921511947876e+03	 1.61143428415618473082e+03	 1.26639814185283825054e+02	 1.02666497690012903377e+01	 8.37959652925022169256e-02	 4.92186079840757884085e+00	
 1.88424948577755014412e+05	 3.76156681427431642078e+05	-4.92486297337867668830e+05	 2.96433988590838387609e+06	 5.66124992079407093115e+02	 5.86800112989039407694e+04	 9.30718055026461835951e+05	 1.51014699734901512329e+02	 3.56564915524343177822e+02	 2.00880805890435522088e+03	 1.08607654222962937638e+04	 2.65067650893150595948e+05	 6.87316073448601644486e+05	 2.27999502695742645301e+05	 1.18032685234146592848e+04	 9.88811013800034743326e+02	 7.06424004400689682370e+01	 4.08471523030824030798e+01	 4.36041775154044444207e+01	
-1.14971334183674072847e+06	 3.23739095355553436093e+05	 3.52261318543163710274e+05	 2.37035038289840426296e+06	-9.19392942140023842512e+03	 4.68766083935433562146e+04	 8.46994100359620410018e+05	 6.40734411468696833936e+01	 3.28986403252689214582e+01	 2.65747881046723705367e+02	 1.76031880805370178678e+03	 8.56069776921511947876e+03	 2.27999502695742645301e+05	 5.09313300166493922006e+05	 1.93693424733438703697e+05	 4.85600839714001267566e+03	 3.62105334679697307365e+02	 4.23633911916293968147e+01	 5.05783536656235810369e+01	
-1.51611761756352963857e+06	 3.52299620015120366588e+05	 5.31192078443694394082e+05	 2.41792333045749645680e+06	-1.20006298521820372116e+04	 4.75697209661119850352e+04	 9.62563252005690708756e+05	 3.05509870347337333385e+01	 1.21181025552508323528e+01	 2.97608709293840227872e+01	 2.30293579161576190018e+02	 1.61143428415618473082e+03	 1.18032685234146592848e+04	 1.93693424733438703697e+05	 5.97456011231229989789e+05	 1.47361848832028743345e+05	 2.69636273438007174263e+03	 6.02794464123491593455e+01	 8.86010775157192256302e+01	
-1.18460421140724630095e+06	 3.03631084626219235361e+05	 3.72589669897315674461e+05	 1.99025170964635303244e+06	-9.47138711940008215606e+03	 3.91386295889415778220e+04	 8.66872076731646433473e+05	 3.10904149570426646676e+00	 1.56227737073560213332e+00	 6.15274622588405417645e+00	 1.73917252767157251014e+01	 1.26639814185283825054e+02	 9.88811013800034743326e+02	 4.85600839714001267566e+03	 1.47361848832028743345e+05	 5.54780672320456709713e+05	 7.30823928311218769522e+04	-3.06123088747168097257e+01	-6.95483533238948439248e+01	
-7.10382439621411263943e+05	 1.75712762708711903542e+05	 2.19100258204133569961e+05	 1.19837777536436100490e+06	-5.61992507592922811455e+03	 2.48180217658331675921e+04	 5.38434134638701565564e+05	 4.52886209950029083871e+00	 1.88509100288642450494e+00	 8.49757574678369209664e-01	 4.57511754167469231191e+00	 1.02666497690012903377e+01	 7.06424004400689682370e+01	 3.62105334679697307365e+02	 2.69636273438007174263e+03	 7.30823928311218769522e+04	 3.85329986982354486827e+05	-2.23844634171841562420e+02	-3.97319740503015054855e+02	
 1.95041612613181314373e+02	-5.19889433948611952019e+01	-2.89252007845907883166e+02	 3.39132320601868400445e+02	-3.33766700426908036192e-01	-1.46658930378813607831e+02	 1.62801500335596028890e+04	 8.15443848867849396811e+01	-2.37496947314485211677e+01	 2.58580043925599589727e+01	 1.34147060462378817647e+01	 8.37959652925022169256e-02	 4.08471523030824030798e+01	 4.23633911916293968147e+01	 6.02794464123491593455e+01	-3.06123088747168097257e+01	-2.23844634171841562420e+02	 3.25845898826135726267e+03	 5.23389414431792374671e+03	
-4.86436205457561300136e+02	 1.33542691319124969596e+02	-7.93706051059489254840e+01	 1.71503881778119830415e+03	-7.26012957170564732223e+00	-2.32779160295671772474e+02	 2.87169628113155777100e+04	 4.76777237513815634884e+01	-2.51227442134440934751e+01	 2.45883358709652384277e+01	 1.23122630605466838460e+01	 4.92186079840757884085e+00	 4.36041775154044444207e+01	 5.05783536656235810369e+01	 8.86010775157192256302e+01	-6.95483533238948439248e+01	-3.97319740503015054855e+02	 5.23389414431792374671e+03	 8.53278240230336086825e+03	
