#          Omega_b,                h,              n_s,           sigma8,       N_eff_camb,        m_nu_camb,     Omega_m_camb,           bias_1,           bias_2,           bias_3,           bias_4,           bias_5,           bias_6,           bias_7,           bias_8,           bias_9,          bias_10,              aIA,            etaIA
 2.14471583158962838352e+07	-5.11511704108611866832e+06	-6.35330805379848647863e+06	-3.77415756202411800623e+07	 1.70483369237545470241e+05	-8.35258235246270895004e+05	-1.34976093381466977298e+07	-2.65564732437195722014e+06	-2.14739758450884371996e+06	-1.69923631433003395796e+06	-1.58950003029716853052e+06	-1.44027516337947361171e+06	-1.39676745738725317642e+06	-1.16758406152552459389e+06	-1.24179704442986985669e+06	-1.05112577738972287625e+06	-6.00173472245997283608e+05	 3.04751504355524275525e+02	-2.26503715814269526163e+02	
-5.11511704108611866832e+06	 1.25792175540982838720e+06	 1.67756311452320311219e+06	 9.07753279591554403305e+06	-4.08673730570960615296e+04	 1.95485202470123243984e+05	 3.33852808275306830183e+06	 7.61716449439186137170e+05	 5.44744420741247478873e+05	 4.06229824708145519253e+05	 3.66151178601832594723e+05	 3.23949801520250970498e+05	 3.09508062217927421443e+05	 2.56547599852921324782e+05	 2.71470634258509671781e+05	 2.28630721267234592233e+05	 1.28690416590957815060e+05	-1.52300732738937426802e+02	-2.22015962410696374718e+01	
-6.35330805379848647863e+06	 1.67756311452320311219e+06	 2.78430145015549520031e+06	 1.10970601241805776954e+07	-5.08373456132408609847e+04	 2.05217107723322871607e+05	 4.44514744856243580580e+06	 1.56447510614624829032e+06	 8.88759795447097974829e+05	 5.50391831339749507606e+05	 4.15592759046981926076e+05	 3.07928301042426261120e+05	 2.45794784272154734936e+05	 1.70423495235597278224e+05	 1.48078626063895178959e+05	 9.49065398319154628552e+04	 2.87391822092781076208e+04	-8.15439862350894145493e+02	-8.30282615977081150049e+02	
-3.77415756202411800623e+07	 9.07753279591554403305e+06	 1.10970601241805776954e+07	 8.20913034491716772318e+07	-2.94293760803446290083e+05	 1.94873154208511416800e+06	 2.45541834705335013568e+07	 6.17927809028010815382e+06	 5.22720805730124190450e+06	 4.09450612633586488664e+06	 3.72943934398637618870e+06	 3.25729860318991262466e+06	 3.02856182330848835409e+06	 2.42629432024291716516e+06	 2.47896340003351075575e+06	 2.04018585669300355949e+06	 1.22148940558999730274e+06	 3.30212813038663114185e+02	 1.72415801500881934771e+03	
 1.70483369237545470241e+05	-4.08673730570960615296e+04	-5.08373456132408609847e+04	-2.94293760803446290083e+05	 1.37077329787924850280e+03	-6.45671242794862882874e+03	-1.07084511467959178844e+05	-2.06078856545828530216e+04	-1.66159944590555096511e+04	-1.31385102981785494194e+04	-1.23054970444506434433e+04	-1.11809226770612003747e+04	-1.08812732420176143933e+04	-9.12649680050478855264e+03	-9.73016409814470534911e+03	-8.23102792728894928587e+03	-4.62898877066669047053e+03	 2.70649892758902665957e-01	-5.33491404961176840516e+00	
-8.35258235246270895004e+05	 1.95485202470123243984e+05	 2.05217107723322871607e+05	 1.94873154208511416800e+06	-6.45671242794862882874e+03	 5.00830919659935243544e+04	 5.42390131499311421067e+05	 1.10505816653744084761e+05	 1.04400005251862050500e+05	 9.02212725230697542429e+04	 8.86343582684404100291e+04	 8.22997233782385010272e+04	 8.04619639075806480832e+04	 6.72748064506348455325e+04	 7.16283418548944755457e+04	 6.18603620823051314801e+04	 3.97609792585477553075e+04	-1.40389725979950213741e+02	-2.09952268971725288793e+02	
-1.34976093381466977298e+07	 3.33852808275306830183e+06	 4.44514744856243580580e+06	 2.45541834705335013568e+07	-1.07084511467959178844e+05	 5.42390131499311421067e+05	 2.04520469364896491170e+07	-7.66437021340694511309e+05	 4.29094015814679558389e+05	 6.22471449130204389803e+05	 7.20124634084314107895e+05	 7.50499918690613936633e+05	 7.95012110476452275179e+05	 7.08053105926994350739e+05	 7.93782355414788820781e+05	 7.09475011080328142270e+05	 4.39369737390281225089e+05	 1.62362913697992207744e+04	 2.87033226129257527646e+04	
-2.65564732437195722014e+06	 7.61716449439186137170e+05	 1.56447510614624829032e+06	 6.17927809028010815382e+06	-2.06078856545828530216e+04	 1.10505816653744084761e+05	-7.66437021340694511309e+05	 3.64445050921071181074e+06	 3.66610717816244054120e+05	 7.69579287556752206001e+03	 2.97890759039307067724e+03	 5.30797899851140527971e+02	 1.51109480417052282064e+02	 6.64203437189279810582e+01	 3.11660997220701041499e+01	 2.82454216076642161681e+00	 4.67520937973482020311e+00	 8.56156432845583736935e+01	 4.98542195457921479829e+01	
-2.14739758450884371996e+06	 5.44744420741247478873e+05	 8.88759795447097974829e+05	 5.22720805730124190450e+06	-1.66159944590555096511e+04	 1.04400005251862050500e+05	 4.29094015814679558389e+05	 3.66610717816244054120e+05	 1.90759487078223493882e+06	 3.57839950103383860551e+05	 9.57263993864218537055e+03	 2.35297000210060832615e+03	 3.77614406830848110985e+02	 3.08056207535878883164e+01	 1.23132882340243945407e+01	 1.45421372989396324726e+00	 1.72431435402367227994e+00	-2.59038827539557097168e+01	-2.70573945438736700453e+01	
-1.69923631433003395796e+06	 4.06229824708145519253e+05	 5.50391831339749507606e+05	 4.09450612633586488664e+06	-1.31385102981785494194e+04	 9.02212725230697542429e+04	 6.22471449130204389803e+05	 7.69579287556752206001e+03	 3.57839950103383860551e+05	 1.15869730526685132645e+06	 3.42824916443588212132e+05	 9.01281059785401885165e+03	 2.02768780417172138186e+03	 2.83039054047996614827e+02	 2.96617774485012617447e+01	 5.99771365290863123221e+00	 6.53331354438147826613e-01	 2.69495517479839321595e+01	 2.55419541188894072548e+01	
-1.58950003029716853052e+06	 3.66151178601832594723e+05	 4.15592759046981926076e+05	 3.72943934398637618870e+06	-1.23054970444506434433e+04	 8.86343582684404100291e+04	 7.20124634084314107895e+05	 2.97890759039307067724e+03	 9.57263993864218537055e+03	 3.42824916443588212132e+05	 9.48071960649319109507e+05	 3.03260615507354727015e+05	 1.08473691625773099076e+04	 1.79188991461472232913e+03	 2.38908766606503974117e+02	 1.75392966236629099797e+01	 4.72657508376935719951e+00	 1.50883952049164875575e+01	 1.38921473283990053460e+01	
-1.44027516337947361171e+06	 3.23949801520250970498e+05	 3.07928301042426261120e+05	 3.25729860318991262466e+06	-1.11809226770612003747e+04	 8.22997233782385010272e+04	 7.50499918690613936633e+05	 5.30797899851140527971e+02	 2.35297000210060832615e+03	 9.01281059785401885165e+03	 3.03260615507354727015e+05	 7.63609545080954791047e+05	 2.69033591312127071433e+05	 8.54263387670285010245e+03	 1.65451565939457486820e+03	 1.29348456253902185153e+02	 1.04751757789418604716e+01	-3.07211982490226631626e-01	 4.58937771692581009120e+00	
-1.39676745738725317642e+06	 3.09508062217927421443e+05	 2.45794784272154734936e+05	 3.02856182330848835409e+06	-1.08812732420176143933e+04	 8.04619639075806480832e+04	 7.95012110476452275179e+05	 1.51109480417052282064e+02	 3.77614406830848110985e+02	 2.02768780417172138186e+03	 1.08473691625773099076e+04	 2.69033591312127071433e+05	 7.01375459110344410874e+05	 2.31845750893949763849e+05	 1.18243314507286922890e+04	 1.01514238686982071158e+03	 7.16557816608163875571e+01	 4.18318881926652750280e+01	 4.46926826047347276472e+01	
-1.16758406152552459389e+06	 2.56547599852921324782e+05	 1.70423495235597278224e+05	 2.42629432024291716516e+06	-9.12649680050478855264e+03	 6.72748064506348455325e+04	 7.08053105926994350739e+05	 6.64203437189279810582e+01	 3.08056207535878883164e+01	 2.83039054047996614827e+02	 1.79188991461472232913e+03	 8.54263387670285010245e+03	 2.31845750893949763849e+05	 5.20203545851652452257e+05	 1.97193080345349037088e+05	 4.89572067158790923713e+03	 3.71408671442733634649e+02	 4.34215220814131157567e+01	 5.18412687546042434406e+01	
-1.24179704442986985669e+06	 2.71470634258509671781e+05	 1.48078626063895178959e+05	 2.47896340003351075575e+06	-9.73016409814470534911e+03	 7.16283418548944755457e+04	 7.93782355414788820781e+05	 3.11660997220701041499e+01	 1.23132882340243945407e+01	 2.96617774485012617447e+01	 2.38908766606503974117e+02	 1.65451565939457486820e+03	 1.18243314507286922890e+04	 1.97193080345349037088e+05	 6.10517456567362300120e+05	 1.50153277895266684936e+05	 2.72930400485776726782e+03	 6.24280528547946502727e+01	 9.16076820885537017602e+01	
-1.05112577738972287625e+06	 2.28630721267234592233e+05	 9.49065398319154628552e+04	 2.04018585669300355949e+06	-8.23102792728894928587e+03	 6.18603620823051314801e+04	 7.09475011080328142270e+05	 2.82454216076642161681e+00	 1.45421372989396324726e+00	 5.99771365290863123221e+00	 1.75392966236629099797e+01	 1.29348456253902185153e+02	 1.01514238686982071158e+03	 4.89572067158790923713e+03	 1.50153277895266684936e+05	 5.66882104250295436941e+05	 7.45279003357932087965e+04	-2.74724243664899319128e+01	-6.44372879456677765120e+01	
-6.00173472245997283608e+05	 1.28690416590957815060e+05	 2.87391822092781076208e+04	 1.22148940558999730274e+06	-4.62898877066669047053e+03	 3.97609792585477553075e+04	 4.39369737390281225089e+05	 4.67520937973482020311e+00	 1.72431435402367227994e+00	 6.53331354438147826613e-01	 4.72657508376935719951e+00	 1.04751757789418604716e+01	 7.16557816608163875571e+01	 3.71408671442733634649e+02	 2.72930400485776726782e+03	 7.45279003357932087965e+04	 3.92815072440521151293e+05	-2.21949277205754441411e+02	-3.93968429794673284050e+02	
 3.04751504355524275525e+02	-1.52300732738937426802e+02	-8.15439862350894145493e+02	 3.30212813038663114185e+02	 2.70649892758902665957e-01	-1.40389725979950213741e+02	 1.62362913697992207744e+04	 8.56156432845583736935e+01	-2.59038827539557097168e+01	 2.69495517479839321595e+01	 1.50883952049164875575e+01	-3.07211982490226631626e-01	 4.18318881926652750280e+01	 4.34215220814131157567e+01	 6.24280528547946502727e+01	-2.74724243664899319128e+01	-2.21949277205754441411e+02	 3.30523890427148489835e+03	 5.30589989515614252014e+03	
-2.26503715814269526163e+02	-2.22015962410696374718e+01	-8.30282615977081150049e+02	 1.72415801500881934771e+03	-5.33491404961176840516e+00	-2.09952268971725288793e+02	 2.87033226129257527646e+04	 4.98542195457921479829e+01	-2.70573945438736700453e+01	 2.55419541188894072548e+01	 1.38921473283990053460e+01	 4.58937771692581009120e+00	 4.46926826047347276472e+01	 5.18412687546042434406e+01	 9.16076820885537017602e+01	-6.44372879456677765120e+01	-3.93968429794673284050e+02	 5.30589989515614252014e+03	 8.64648441866672510514e+03	
