#           w0_fld,           wa_fld,          Omega_b,                h,              n_s,           sigma8,       N_eff_camb,        m_nu_camb,     Omega_m_camb,           bias_1,           bias_2,           bias_3,           bias_4,           bias_5,           bias_6,           bias_7,           bias_8,           bias_9,          bias_10,              aIA,            etaIA
 2.95035521158742206171e+06	 5.70425457379482919350e+05	-6.86219368477036338300e+06	 1.61770540618621651083e+06	 2.52419462840174604207e+06	 1.41134079155386053026e+07	-5.91333543669451464666e+04	 9.43915909999419702217e+05	 1.61671781188394478522e+06	 1.18582770013227174059e+06	 9.80055204695818596520e+05	 7.81958151229429757223e+05	 7.25631156719682039693e+05	 6.42911297875924035907e+05	 6.06191830140384379774e+05	 4.91581443670925218612e+05	 5.08450602525242604315e+05	 4.25143947273326339200e+05	 2.61432646831408375874e+05	 1.06370740871680231976e+03	 1.45996550420193329956e+03	
 5.70425457379482919350e+05	 1.31490473403465526644e+05	-1.24208147162439208478e+06	 3.47369964744127762970e+05	 5.35279481218377477489e+05	 2.94358013716728053987e+06	-1.26724974973924181540e+04	 1.94730130393869214458e+05	 4.59952285608626843896e+05	 1.91135411891343712341e+05	 1.71877955258246220183e+05	 1.47368470502081996528e+05	 1.44880587307855021209e+05	 1.35319157231011486147e+05	 1.33941218250308185816e+05	 1.13523627370188216446e+05	 1.22637309682725201128e+05	 1.07577930299212341197e+05	 6.99127289448036463000e+04	 3.65577843467774187047e+02	 5.45622132502654267228e+02	
-6.86219368477036338300e+06	-1.24208147162439208478e+06	 2.27683230016586743295e+07	-5.40842333887946791947e+06	-8.19735441999128460884e+06	-3.84773054408307373524e+07	 1.95764065904266608413e+05	-1.69458447030495363288e+06	-1.47800482116665933281e+07	-2.56903227529698330909e+06	-1.96253208174400078133e+06	-1.61599558280674368143e+06	-1.58121742459390382282e+06	-1.49717473701044684276e+06	-1.50720011255328566767e+06	-1.29739205852879071608e+06	-1.41331834539715759456e+06	-1.22257000900693307631e+06	-7.15377638071350986138e+05	 2.04918978526672731277e+02	-4.53476286152293766918e+02	
 1.61770540618621651083e+06	 3.47369964744127762970e+05	-5.40842333887946791947e+06	 1.29856454898016131483e+06	 1.98707866889900201932e+06	 9.18256793720396235585e+06	-4.57516429422470100690e+04	 5.24739212481395341456e+05	 3.61772916471635084599e+06	 6.14893734351146267727e+05	 4.57636309377700323239e+05	 3.75957958765769843012e+05	 3.68873330210873042233e+05	 3.50998876571047934704e+05	 3.55094602110311971046e+05	 3.06941300577711197548e+05	 3.35123253876445291098e+05	 2.89381083213091827929e+05	 1.66878820772672595922e+05	-5.44994012866576724718e+01	 1.29533581085324414062e+02	
 2.52419462840174604207e+06	 5.35279481218377477489e+05	-8.19735441999128460884e+06	 1.98707866889900201932e+06	 3.12370044685461698100e+06	 1.30805103987225070596e+07	-6.56591501452737720683e+04	 8.25211576186993625015e+05	 5.45610661025742162019e+06	 1.16035730783692467958e+06	 8.01225677670365199447e+05	 6.21797361673510982655e+05	 5.82772325195730780251e+05	 5.33509641350230900571e+05	 5.22333583371775457636e+05	 4.39336092203890962992e+05	 4.67782105082736059558e+05	 3.93289863643533550203e+05	 2.20358815498860116350e+05	-2.97255198974639711196e+02	-9.81371051682813373418e+01	
 1.41134079155386053026e+07	 2.94358013716728053987e+06	-3.84773054408307373524e+07	 9.18256793720396235585e+06	 1.30805103987225070596e+07	 7.09959144580447077751e+07	-3.31586941263163404074e+05	 4.70278854921726509929e+06	 2.51653890838687233627e+07	 5.96957027099449001253e+06	 5.07620910921124182642e+06	 4.03720683035255409777e+06	 2.89849566220557969064e+06	 1.49675342678264342248e+06	 1.73930051664581056684e+06	 2.31059784759020060301e+06	 2.55516381775328516960e+06	 1.95473655745390150696e+06	 1.21263732860904233530e+06	 3.47335370008567679179e+02	 1.70147622217597677263e+03	
-5.91333543669451464666e+04	-1.26724974973924181540e+04	 1.95764065904266608413e+05	-4.57516429422470100690e+04	-6.56591501452737720683e+04	-3.31586941263163404074e+05	 1.71500230758245788820e+03	-1.69269695430668507470e+04	-1.26782881103700608946e+05	-2.20751324620585801313e+04	-1.69749365470405973610e+04	-1.41642102507033596339e+04	-7.42695965093268205237e+03	 9.16533251342022595054e+02	-2.97789233622846768412e+03	-1.06185059914377452515e+04	-1.31926394247975131293e+04	-1.01377621541701646493e+04	-6.18248892022737254592e+03	 1.91872369324398839296e+00	-3.64722319428085706150e+00	
 9.43915909999419702217e+05	 1.94730130393869214458e+05	-1.69458447030495363288e+06	 5.24739212481395341456e+05	 8.25211576186993625015e+05	 4.70278854921726509929e+06	-1.69269695430668507470e+04	 2.95077689247215457726e+05	 5.08181216117457603104e+05	 3.99453957346825394779e+05	 3.21275238167944829911e+05	 2.50371811124050407670e+05	 2.28100287520220037550e+05	 1.99141545296831463929e+05	 1.85674732937497901730e+05	 1.49653271169619052671e+05	 1.54830437463819194818e+05	 1.30957041595384856919e+05	 8.37623429098697379231e+04	-9.27890429926143696093e+01	-1.68894151467472482864e+02	
 1.61671781188394478522e+06	 4.59952285608626843896e+05	-1.47800482116665933281e+07	 3.61772916471635084599e+06	 5.45610661025742162019e+06	 2.51653890838687233627e+07	-1.26782881103700608946e+05	 5.08181216117457603104e+05	 2.09799084841590709984e+07	-9.09893474265704979189e+05	 2.86821870299625792541e+05	 5.82376085741194663569e+05	 7.46732993996122386307e+05	 8.26471802427966496907e+05	 9.10372369516093749553e+05	 8.31187170894153648987e+05	 9.46941082226224825718e+05	 8.54909251947299926542e+05	 5.31897134383185533807e+05	 1.63272726400384071894e+04	 2.86492853003791642550e+04	
 1.18582770013227174059e+06	 1.91135411891343712341e+05	-2.56903227529698330909e+06	 6.14893734351146267727e+05	 1.16035730783692467958e+06	 5.96957027099449001253e+06	-2.20751324620585801313e+04	 3.99453957346825394779e+05	-9.09893474265704979189e+05	 3.56538956324170250446e+06	 3.61316730655557825230e+05	 7.76900627100419114868e+03	 2.87602621543388249847e+03	 5.09644846587806114258e+02	 1.49717740562339940880e+02	 6.35033488660843161711e+01	 3.01789237829919798628e+01	 2.84298789688560304967e+00	 4.41016237470404348642e+00	 8.14926937855350672635e+01	 4.73756411180127940952e+01	
 9.80055204695818596520e+05	 1.71877955258246220183e+05	-1.96253208174400078133e+06	 4.57636309377700323239e+05	 8.01225677670365199447e+05	 5.07620910921124182642e+06	-1.69749365470405973610e+04	 3.21275238167944829911e+05	 2.86821870299625792541e+05	 3.61316730655557825230e+05	 1.87999840390039281920e+06	 3.55081402552899206057e+05	 9.62177723366244390490e+03	 2.30745397291448352917e+03	 3.58380570475115575846e+02	 3.28587208706754836385e+01	 1.18895725708004960097e+01	 1.65319845701529999360e+00	 1.62616736205502121493e+00	-2.40545575337643953162e+01	-2.54328153684330118267e+01	
 7.81958151229429757223e+05	 1.47368470502081996528e+05	-1.61599558280674368143e+06	 3.75957958765769843012e+05	 6.21797361673510982655e+05	 4.03720683035255409777e+06	-1.41642102507033596339e+04	 2.50371811124050407670e+05	 5.82376085741194663569e+05	 7.76900627100419114868e+03	 3.55081402552899206057e+05	 1.14274289729007659480e+06	 3.39553887601948925294e+05	 9.01195107608617763617e+03	 2.01996996683204747569e+03	 2.67656337568908099911e+02	 2.97558160261921180734e+01	 6.00543050460930771806e+00	 7.49898951852962625253e-01	 2.62400107107633253634e+01	 2.49551266471030572802e+01	
 7.25631156719682039693e+05	 1.44880587307855021209e+05	-1.58121742459390382282e+06	 3.68873330210873042233e+05	 5.82772325195730780251e+05	 2.89849566220557969064e+06	-7.42695965093268205237e+03	 2.28100287520220037550e+05	 7.46732993996122386307e+05	 2.87602621543388249847e+03	 9.62177723366244390490e+03	 3.39553887601948925294e+05	 9.34825267050109454431e+05	 2.99992795766208262648e+05	 1.08609400886676703522e+04	 1.77130624898283122093e+03	 2.32062743279374785743e+02	 1.74866368273152517077e+01	 4.70640151926709648933e+00	 1.37471427568695823140e+01	 1.26683795354370261066e+01	
 6.42911297875924035907e+05	 1.35319157231011486147e+05	-1.49717473701044684276e+06	 3.50998876571047934704e+05	 5.33509641350230900571e+05	 1.49675342678264342248e+06	 9.16533251342022595054e+02	 1.99141545296831463929e+05	 8.26471802427966496907e+05	 5.09644846587806114258e+02	 2.30745397291448352917e+03	 9.01195107608617763617e+03	 2.99992795766208262648e+05	 7.52281901520362705924e+05	 2.65860088358771055937e+05	 8.56226315150195296155e+03	 1.62304096771514969078e+03	 1.27670957348077550364e+02	 1.06199042134775183399e+01	 3.32360044859148162644e-01	 5.28915342096678386952e+00	
 6.06191830140384379774e+05	 1.33941218250308185816e+05	-1.50720011255328566767e+06	 3.55094602110311971046e+05	 5.22333583371775457636e+05	 1.73930051664581056684e+06	-2.97789233622846768412e+03	 1.85674732937497901730e+05	 9.10372369516093749553e+05	 1.49717740562339940880e+02	 3.58380570475115575846e+02	 2.01996996683204747569e+03	 1.08609400886676703522e+04	 2.65860088358771055937e+05	 6.90392572769859223627e+05	 2.28783581793730321806e+05	 1.18141872501334510162e+04	 9.96962450588446813526e+02	 7.15748399888683195513e+01	 4.11465698269314046343e+01	 4.41135419526962238024e+01	
 4.91581443670925218612e+05	 1.13523627370188216446e+05	-1.29739205852879071608e+06	 3.06941300577711197548e+05	 4.39336092203890962992e+05	 2.31059784759020060301e+06	-1.06185059914377452515e+04	 1.49653271169619052671e+05	 8.31187170894153648987e+05	 6.35033488660843161711e+01	 3.28587208706754836385e+01	 2.67656337568908099911e+02	 1.77130624898283122093e+03	 8.56226315150195296155e+03	 2.28783581793730321806e+05	 5.11831335423324722797e+05	 1.94418966334388358518e+05	 4.87200084543725824915e+03	 3.65530506633105119363e+02	 4.24838838405062091397e+01	 5.09867656863949321178e+01	
 5.08450602525242604315e+05	 1.22637309682725201128e+05	-1.41331834539715759456e+06	 3.35123253876445291098e+05	 4.67782105082736059558e+05	 2.55516381775328516960e+06	-1.31926394247975131293e+04	 1.54830437463819194818e+05	 9.46941082226224825718e+05	 3.01789237829919798628e+01	 1.18895725708004960097e+01	 2.97558160261921180734e+01	 2.32062743279374785743e+02	 1.62304096771514969078e+03	 1.18141872501334510162e+04	 1.94418966334388358518e+05	 6.00708699623122694902e+05	 1.47999165798058209475e+05	 2.71083007280412584805e+03	 6.03284025712804634622e+01	 8.96660432003513534482e+01	
 4.25143947273326339200e+05	 1.07577930299212341197e+05	-1.22257000900693307631e+06	 2.89381083213091827929e+05	 3.93289863643533550203e+05	 1.95473655745390150696e+06	-1.01377621541701646493e+04	 1.30957041595384856919e+05	 8.54909251947299926542e+05	 2.84298789688560304967e+00	 1.65319845701529999360e+00	 6.00543050460930771806e+00	 1.74866368273152517077e+01	 1.27670957348077550364e+02	 9.96962450588446813526e+02	 4.87200084543725824915e+03	 1.47999165798058209475e+05	 5.58256638524705544114e+05	 7.35124465577786031645e+04	-3.16430413939646371091e+01	-6.81694978398392095187e+01	
 2.61432646831408375874e+05	 6.99127289448036463000e+04	-7.15377638071350986138e+05	 1.66878820772672595922e+05	 2.20358815498860116350e+05	 1.21263732860904233530e+06	-6.18248892022737254592e+03	 8.37623429098697379231e+04	 5.31897134383185533807e+05	 4.41016237470404348642e+00	 1.62616736205502121493e+00	 7.49898951852962625253e-01	 4.70640151926709648933e+00	 1.06199042134775183399e+01	 7.15748399888683195513e+01	 3.65530506633105119363e+02	 2.71083007280412584805e+03	 7.35124465577786031645e+04	 3.88221600620063371025e+05	-2.26825205188155280212e+02	-3.96493789134617884429e+02	
 1.06370740871680231976e+03	 3.65577843467774187047e+02	 2.04918978526672731277e+02	-5.44994012866576724718e+01	-2.97255198974639711196e+02	 3.47335370008567679179e+02	 1.91872369324398839296e+00	-9.27890429926143696093e+01	 1.63272726400384071894e+04	 8.14926937855350672635e+01	-2.40545575337643953162e+01	 2.62400107107633253634e+01	 1.37471427568695823140e+01	 3.32360044859148162644e-01	 4.11465698269314046343e+01	 4.24838838405062091397e+01	 6.03284025712804634622e+01	-3.16430413939646371091e+01	-2.26825205188155280212e+02	 3.26598044581897693206e+03	 5.22486844023314006336e+03	
 1.45996550420193329956e+03	 5.45622132502654267228e+02	-4.53476286152293766918e+02	 1.29533581085324414062e+02	-9.81371051682813373418e+01	 1.70147622217597677263e+03	-3.64722319428085706150e+00	-1.68894151467472482864e+02	 2.86492853003791642550e+04	 4.73756411180127940952e+01	-2.54328153684330118267e+01	 2.49551266471030572802e+01	 1.26683795354370261066e+01	 5.28915342096678386952e+00	 4.41135419526962238024e+01	 5.09867656863949321178e+01	 8.96660432003513534482e+01	-6.81694978398392095187e+01	-3.96493789134617884429e+02	 5.22486844023314006336e+03	 8.53558164458519058826e+03	
