#           w0_fld,           wa_fld,          Omega_b,                h,              n_s,           sigma8,       N_eff_camb,        m_nu_camb,     Omega_m_camb,           bias_1,           bias_2,           bias_3,           bias_4,           bias_5,           bias_6,           bias_7,           bias_8,           bias_9,          bias_10,              aIA,            etaIA
 2.95035528486385336146e+06	 5.70425473731621284969e+05	-6.86219346327917743474e+06	 1.61770592436614795588e+06	 2.52419474353435821831e+06	 1.41134079963556192815e+07	-5.91333527852633778821e+04	 9.43909730004992219619e+05	 1.61671801759402453899e+06	 1.18582765454843710177e+06	 9.80055200035260058939e+05	 7.81958157024873886257e+05	 7.25631173122890875675e+05	 6.42911314694143133238e+05	 6.06191846769120893441e+05	 4.91581431728767347522e+05	 5.08450612711816676892e+05	 4.25143955384827393573e+05	 2.61432639618522778619e+05	 1.06370738601412040225e+03	 1.45996606934337296479e+03	
 5.70425473731621284969e+05	 1.31490476955839869333e+05	-1.24208142552449787036e+06	 3.47370078782307915390e+05	 5.35279507989137200639e+05	 2.94358015547284018248e+06	-1.26724971350121668365e+04	 1.94728767552020668518e+05	 4.59952350863270694390e+05	 1.91135416556012991350e+05	 1.71877957838527247077e+05	 1.47368472365703317337e+05	 1.44880589644280727953e+05	 1.35319158146575035062e+05	 1.33941220565549447201e+05	 1.13523630007350031519e+05	 1.22637308592601460987e+05	 1.07577932304489862872e+05	 6.99127309044516441645e+04	 3.65577723257283537350e+02	 5.45621930341567008327e+02	
-6.86219346327917743474e+06	-1.24208142552449787036e+06	 2.27683229379646591842e+07	-5.40841935610756278038e+06	-8.19735340937736071646e+06	-3.84773055003731250763e+07	 1.95764061431656067725e+05	-1.69462413769693020731e+06	-1.47800447517525870353e+07	-2.56903214302757475525e+06	-1.96253214778249757364e+06	-1.61599562683325167745e+06	-1.58121739855123823509e+06	-1.49717470250136964023e+06	-1.50720014016151521355e+06	-1.29739199105215840973e+06	-1.41331831609308533370e+06	-1.22257003096328396350e+06	-7.15377631996351294219e+05	 2.04915507171150181875e+02	-4.53465871571663342365e+02	
 1.61770592436614795588e+06	 3.47370078782307915390e+05	-5.40841935610756278038e+06	 1.29856285795348347165e+06	 1.98707756214251322672e+06	 9.18256913890207372606e+06	-4.57516083356766903307e+04	 5.24747985343585256487e+05	 3.61772572801138274372e+06	 6.14893797047576401383e+05	 4.57636428768943296745e+05	 3.75958084250667248853e+05	 3.68873438169462606311e+05	 3.50998981213409919292e+05	 3.55094706764160073362e+05	 3.06941385131050134078e+05	 3.35123368536857014988e+05	 2.89381202042949909810e+05	 1.66878921688588539837e+05	-5.45046529657505089972e+01	 1.29526818735403992378e+02	
 2.52419474353435821831e+06	 5.35279507989137200639e+05	-8.19735340937736071646e+06	 1.98707756214251322672e+06	 3.12369994179385434836e+06	 1.30805107782215327024e+07	-6.56591406410391791724e+04	 8.25220760620312299579e+05	 5.45610516142253018916e+06	 1.16035739108021836728e+06	 8.01225724147296743467e+05	 6.21797376041683251970e+05	 5.82772386409972328693e+05	 5.33509642768331570551e+05	 5.22333639971207827330e+05	 4.39336102734158281237e+05	 4.67782137021228321828e+05	 3.93289884521582047455e+05	 2.20358836614245927194e+05	-2.97259298526120801398e+02	-9.81397232556976035767e+01	
 1.41134079963556192815e+07	 2.94358015547284018248e+06	-3.84773055003731250763e+07	 9.18256913890207372606e+06	 1.30805107782215327024e+07	 7.09959139781057685614e+07	-3.31586943825470283628e+05	 4.70277525573536194861e+06	 2.51653898242936134338e+07	 5.96957025651478953660e+06	 5.07620909028619062155e+06	 4.03720688724401639774e+06	 2.89849572668879525736e+06	 1.49675359589776163921e+06	 1.73930048161889729090e+06	 2.31059781324960011989e+06	 2.55516372212899755687e+06	 1.95473658727435348555e+06	 1.21263732814290793613e+06	 3.47323471052545812654e+02	 1.70146880556658152273e+03	
-5.91333527852633778821e+04	-1.26724971350121668365e+04	 1.95764061431656067725e+05	-4.57516083356766903307e+04	-6.56591406410391791724e+04	-3.31586943825470283628e+05	 1.71500225411522865215e+03	-1.69273146366336623032e+04	-1.26782850885187799577e+05	-2.20751320160880350159e+04	-1.69749371337664488237e+04	-1.41642104024600230332e+04	-7.42695952838582979894e+03	 9.16533113924678218609e+02	-2.97789239742263089283e+03	-1.06185055385563537129e+04	-1.31926397375141314114e+04	-1.01377627335116412723e+04	-6.18248832629325988819e+03	 1.91871612430208293709e+00	-3.64725270308683580112e+00	
 9.43909730004992219619e+05	 1.94728767552020668518e+05	-1.69462413769693020731e+06	 5.24747985343585256487e+05	 8.25220760620312299579e+05	 4.70277525573536194861e+06	-1.69273146366336623032e+04	 2.95073397725707909558e+05	 5.08210280827729438897e+05	 3.99452719274553237483e+05	 3.21273968555173370987e+05	 2.50370520939843438100e+05	 2.28099028460444707889e+05	 1.99140351055699429708e+05	 1.85673577288255182793e+05	 1.49652267568890558323e+05	 1.54829274768813600531e+05	 1.30955840484789470793e+05	 8.37612047410371014848e+04	-9.27375439422860665672e+01	-1.68823930059627258515e+02	
 1.61671801759402453899e+06	 4.59952350863270694390e+05	-1.47800447517525870353e+07	 3.61772572801138274372e+06	 5.45610516142253018916e+06	 2.51653898242936134338e+07	-1.26782850885187799577e+05	 5.08210280827729438897e+05	 2.09799044392712302506e+07	-9.09893650063643930480e+05	 2.86821969981597503647e+05	 5.82376171225963393226e+05	 7.46732948913457570598e+05	 8.26471901153841288760e+05	 9.10372354392802692018e+05	 8.31187210311346687376e+05	 9.46941222008440992795e+05	 8.54909367208062089048e+05	 5.31897136389880673960e+05	 1.63272654719443471549e+04	 2.86492876804553889087e+04	
 1.18582765454843710177e+06	 1.91135416556012991350e+05	-2.56903214302757475525e+06	 6.14893797047576401383e+05	 1.16035739108021836728e+06	 5.96957025651478953660e+06	-2.20751320160880350159e+04	 3.99452719274553237483e+05	-9.09893650063643930480e+05	 3.56538999619215633720e+06	 3.61316820480677997693e+05	 7.76909387593227620528e+03	 2.87587638505376889952e+03	 5.09798385301574853656e+02	 1.49684909374738651877e+02	 6.34750981534873304213e+01	 3.02482940207669201982e+01	 2.93784242137417095364e+00	 4.43526697963896765486e+00	 8.14830622649218554443e+01	 4.73793292763868123529e+01	
 9.80055200035260058939e+05	 1.71877957838527247077e+05	-1.96253214778249757364e+06	 4.57636428768943296745e+05	 8.01225724147296743467e+05	 5.07620909028619062155e+06	-1.69749371337664488237e+04	 3.21273968555173370987e+05	 2.86821969981597503647e+05	 3.61316820480677997693e+05	 1.87999842663472238928e+06	 3.55081458674651687033e+05	 9.62186563249080427340e+03	 2.30753510067355819046e+03	 3.58387963370640250105e+02	 3.28521577987316248937e+01	 1.19893175438010857192e+01	 1.64626973609584581482e+00	 1.60279693395565914216e+00	-2.40552503749825845603e+01	-2.54353872454382496926e+01	
 7.81958157024873886257e+05	 1.47368472365703317337e+05	-1.61599562683325167745e+06	 3.75958084250667248853e+05	 6.21797376041683251970e+05	 4.03720688724401639774e+06	-1.41642104024600230332e+04	 2.50370520939843438100e+05	 5.82376171225963393226e+05	 7.76909387593227620528e+03	 3.55081458674651687033e+05	 1.14274281250030035153e+06	 3.39553805474485852756e+05	 9.01200709625448143925e+03	 2.01997335184070288960e+03	 2.67666004175816794941e+02	 2.98032354911000645359e+01	 6.00358437908835185226e+00	 7.44498148231329537339e-01	 2.62412465592870276510e+01	 2.49450450620689991865e+01	
 7.25631173122890875675e+05	 1.44880589644280727953e+05	-1.58121739855123823509e+06	 3.68873438169462606311e+05	 5.82772386409972328693e+05	 2.89849572668879525736e+06	-7.42695952838582979894e+03	 2.28099028460444707889e+05	 7.46732948913457570598e+05	 2.87587638505376889952e+03	 9.62186563249080427340e+03	 3.39553805474485852756e+05	 9.34825317497574607842e+05	 2.99992791285274259280e+05	 1.08609316196522868267e+04	 1.77133006862528236525e+03	 2.32063301331581385512e+02	 1.74654026906811736808e+01	 4.71900743125269883649e+00	 1.37458994918146473196e+01	 1.26594688531607033610e+01	
 6.42911314694143133238e+05	 1.35319158146575035062e+05	-1.49717470250136964023e+06	 3.50998981213409919292e+05	 5.33509642768331570551e+05	 1.49675359589776163921e+06	 9.16533113924678218609e+02	 1.99140351055699429708e+05	 8.26471901153841288760e+05	 5.09798385301574853656e+02	 2.30753510067355819046e+03	 9.01200709625448143925e+03	 2.99992791285274259280e+05	 7.52281826203896780498e+05	 2.65860081080297182780e+05	 8.56221144864640154992e+03	 1.62302816679249872323e+03	 1.27683252624349606208e+02	 1.05967689132137472541e+01	 3.35641761884865053034e-01	 5.28736673361109410507e+00	
 6.06191846769120893441e+05	 1.33941220565549447201e+05	-1.50720014016151521355e+06	 3.55094706764160073362e+05	 5.22333639971207827330e+05	 1.73930048161889729090e+06	-2.97789239742263089283e+03	 1.85673577288255182793e+05	 9.10372354392802692018e+05	 1.49684909374738651877e+02	 3.58387963370640250105e+02	 2.01997335184070288960e+03	 1.08609316196522868267e+04	 2.65860081080297182780e+05	 6.90392625779774854891e+05	 2.28783573801184247714e+05	 1.18142376074705316569e+04	 9.96993972795387662700e+02	 7.15916448927177668793e+01	 4.11489701131841982829e+01	 4.41076263955950338413e+01	
 4.91581431728767347522e+05	 1.13523630007350031519e+05	-1.29739199105215840973e+06	 3.06941385131050134078e+05	 4.39336102734158281237e+05	 2.31059781324960011989e+06	-1.06185055385563537129e+04	 1.49652267568890558323e+05	 8.31187210311346687376e+05	 6.34750981534873304213e+01	 3.28521577987316248937e+01	 2.67666004175816794941e+02	 1.77133006862528236525e+03	 8.56221144864640154992e+03	 2.28783573801184247714e+05	 5.11831326682165788952e+05	 1.94418944471067574341e+05	 4.87197172588041212293e+03	 3.65510612800832291214e+02	 4.24835905329052394563e+01	 5.09827425447706445993e+01	
 5.08450612711816676892e+05	 1.22637308592601460987e+05	-1.41331831609308533370e+06	 3.35123368536857014988e+05	 4.67782137021228321828e+05	 2.55516372212899755687e+06	-1.31926397375141314114e+04	 1.54829274768813600531e+05	 9.46941222008440992795e+05	 3.02482940207669201982e+01	 1.19893175438010857192e+01	 2.98032354911000645359e+01	 2.32063301331581385512e+02	 1.62302816679249872323e+03	 1.18142376074705316569e+04	 1.94418944471067574341e+05	 6.00708728853448876180e+05	 1.47999135500574077014e+05	 2.71084347235939185339e+03	 6.03314189804197695821e+01	 8.96754895818921653472e+01	
 4.25143955384827393573e+05	 1.07577932304489862872e+05	-1.22257003096328396350e+06	 2.89381202042949909810e+05	 3.93289884521582047455e+05	 1.95473658727435348555e+06	-1.01377627335116412723e+04	 1.30955840484789470793e+05	 8.54909367208062089048e+05	 2.93784242137417095364e+00	 1.64626973609584581482e+00	 6.00358437908835185226e+00	 1.74654026906811736808e+01	 1.27683252624349606208e+02	 9.96993972795387662700e+02	 4.87197172588041212293e+03	 1.47999135500574077014e+05	 5.58256622191257425584e+05	 7.35124486065304081421e+04	-3.16406238165546334073e+01	-6.81706420391937228942e+01	
 2.61432639618522778619e+05	 6.99127309044516441645e+04	-7.15377631996351294219e+05	 1.66878921688588539837e+05	 2.20358836614245927194e+05	 1.21263732814290793613e+06	-6.18248832629325988819e+03	 8.37612047410371014848e+04	 5.31897136389880673960e+05	 4.43526697963896765486e+00	 1.60279693395565914216e+00	 7.44498148231329537339e-01	 4.71900743125269883649e+00	 1.05967689132137472541e+01	 7.15916448927177668793e+01	 3.65510612800832291214e+02	 2.71084347235939185339e+03	 7.35124486065304081421e+04	 3.88221603125363413710e+05	-2.26822975753980244917e+02	-3.96493909346027066931e+02	
 1.06370738601412040225e+03	 3.65577723257283537350e+02	 2.04915507171150181875e+02	-5.45046529657505089972e+01	-2.97259298526120801398e+02	 3.47323471052545812654e+02	 1.91871612430208293709e+00	-9.27375439422860665672e+01	 1.63272654719443471549e+04	 8.14830622649218554443e+01	-2.40552503749825845603e+01	 2.62412465592870276510e+01	 1.37458994918146473196e+01	 3.35641761884865053034e-01	 4.11489701131841982829e+01	 4.24835905329052394563e+01	 6.03314189804197695821e+01	-3.16406238165546334073e+01	-2.26822975753980244917e+02	 3.26598013261238156701e+03	 5.22486791423282011237e+03	
 1.45996606934337296479e+03	 5.45621930341567008327e+02	-4.53465871571663342365e+02	 1.29526818735403992378e+02	-9.81397232556976035767e+01	 1.70146880556658152273e+03	-3.64725270308683580112e+00	-1.68823930059627258515e+02	 2.86492876804553889087e+04	 4.73793292763868123529e+01	-2.54353872454382496926e+01	 2.49450450620689991865e+01	 1.26594688531607033610e+01	 5.28736673361109410507e+00	 4.41076263955950338413e+01	 5.09827425447706445993e+01	 8.96754895818921653472e+01	-6.81706420391937228942e+01	-3.96493909346027066931e+02	 5.22486791423282011237e+03	 8.53558441230788412213e+03	
