#          Omega_b,                h,              n_s,           sigma8,       N_eff_camb,        m_nu_camb,     Omega_m_camb,           bias_1,           bias_2,           bias_3,           bias_4,           bias_5,           bias_6,           bias_7,           bias_8,           bias_9,          bias_10,              aIA,            etaIA
 2.14463590644643679261e+07	-5.11543118764851707965e+06	-6.35330669675348605961e+06	-3.77404147270003110170e+07	 1.70498515105102676898e+05	-8.35279851806193590164e+05	-1.34948041236869655550e+07	-2.65571969378245575354e+06	-2.14737578224230930209e+06	-1.69922264121470227838e+06	-1.58944323569776955992e+06	-1.44017866302257310599e+06	-1.39668103804611740634e+06	-1.16753412933307327330e+06	-1.24175415871015400626e+06	-1.05109707393386960030e+06	-6.00165469577063573524e+05	 3.04869236328297120053e+02	-2.14516976032749653314e+02	
-5.11543118764851707965e+06	 1.25800165812776866369e+06	 1.67761837401254358701e+06	 9.07791786074867844582e+06	-4.08666165063975204248e+04	 1.95494211475137126399e+05	 3.33838582029097899795e+06	 7.61734476703688967973e+05	 5.44763818004238419235e+05	 4.06251061344140209258e+05	 3.66172256212461623363e+05	 3.23968406916759558953e+05	 3.09525430442262790166e+05	 2.56559799275579513051e+05	 2.71480453903325716965e+05	 2.28639899984891206259e+05	 1.28693606242095120251e+05	-1.52315315851436565708e+02	-2.50526461424037023562e+01	
-6.35330669675348605961e+06	 1.67761837401254358701e+06	 2.78423501201681327075e+06	 1.10971077060190215707e+07	-5.08388409804040857125e+04	 2.05209735984613973415e+05	 4.44489578161822259426e+06	 1.56447659440726600587e+06	 8.88756973489733412862e+05	 5.50394700207058340311e+05	 4.15574106078960001469e+05	 3.07893188441464502830e+05	 2.45773842633657681290e+05	 1.70415211212698835880e+05	 1.48061814943311095703e+05	 9.48976237822874390986e+04	 2.87436082060576372896e+04	-8.15447857064881191036e+02	-8.31110512555772970700e+02	
-3.77404147270003110170e+07	 9.07791786074867844582e+06	 1.10971077060190215707e+07	 8.20899824313899576664e+07	-2.94301584596608066931e+05	 1.94871896934871608391e+06	 2.45510153391657769680e+07	 6.17926808498184941709e+06	 5.22706064180807210505e+06	 4.09443578075548261404e+06	 3.72943705081015080214e+06	 3.25730335216532368213e+06	 3.02856403299740049988e+06	 2.42627810699526313692e+06	 2.47892627043263241649e+06	 2.04018956248594401404e+06	 1.22149543199487891980e+06	 3.30261060983746062902e+02	 1.69933265323635214372e+03	
 1.70498515105102676898e+05	-4.08666165063975204248e+04	-5.08388409804040857125e+04	-2.94301584596608066931e+05	 1.37080322200603472993e+03	-6.45659116985607124661e+03	-1.07089283664364600554e+05	-2.06093255547167427721e+04	-1.66160772683693867293e+04	-1.31385346152066595096e+04	-1.23055161118759351666e+04	-1.11809694503473547229e+04	-1.08813512232534703799e+04	-9.12655355719199724263e+03	-9.73013822231952872244e+03	-8.23094949554353297572e+03	-4.62900573311269818078e+03	 2.71873030990958164388e-01	-5.22307975898103027390e+00	
-8.35279851806193590164e+05	 1.95494211475137126399e+05	 2.05209735984613973415e+05	 1.94871896934871608391e+06	-6.45659116985607124661e+03	 5.00807340957080450607e+04	 5.42508606023364467546e+05	 1.10494761931651388295e+05	 1.04399171622765832581e+05	 9.02208747129877010593e+04	 8.86326567620197165525e+04	 8.22968643733951466857e+04	 8.04587738220146566164e+04	 6.72723349498969328124e+04	 7.16261455742286489112e+04	 6.18595690758212876972e+04	 3.97620003518873854773e+04	-1.40383397616100808136e+02	-2.09466429762378879786e+02	
-1.34948041236869655550e+07	 3.33838582029097899795e+06	 4.44489578161822259426e+06	 2.45510153391657769680e+07	-1.07089283664364600554e+05	 5.42508606023364467546e+05	 2.04499849356426931918e+07	-7.66679147330150473863e+05	 4.28656428375781455543e+05	 6.22214831912997877225e+05	 7.19910379821110749617e+05	 7.50225754668889218010e+05	 7.94738293691060971469e+05	 7.07874156431365991011e+05	 7.93661975006337044761e+05	 7.09443929947866359726e+05	 4.39355834027336677536e+05	 1.62363919380400711816e+04	 2.85543754501943549258e+04	
-2.65571969378245575354e+06	 7.61734476703688967973e+05	 1.56447659440726600587e+06	 6.17926808498184941709e+06	-2.06093255547167427721e+04	 1.10494761931651388295e+05	-7.66679147330150473863e+05	 3.64445084539878321812e+06	 3.66610839906145236455e+05	 7.69598206154521540157e+03	 2.97894896040192998043e+03	 5.31355144340720471519e+02	 1.51555437102285452511e+02	 6.64869482240157196884e+01	 3.12494899898649620695e+01	 2.84655390134751762332e+00	 4.74234491672890001723e+00	 8.56162593502697859549e+01	 4.97125944094608485102e+01	
-2.14737578224230930209e+06	 5.44763818004238419235e+05	 8.88756973489733412862e+05	 5.22706064180807210505e+06	-1.66160772683693867293e+04	 1.04399171622765832581e+05	 4.28656428375781455543e+05	 3.66610839906145236455e+05	 1.90759477888020640239e+06	 3.57839932446282939054e+05	 9.57282024467327937600e+03	 2.35301244389754720032e+03	 3.77643199206848066751e+02	 3.06092056046546758807e+01	 1.22116567234161070843e+01	 1.75275983130135593058e+00	 1.63408010752372589991e+00	-2.59060937225531517925e+01	-2.71257110414760518324e+01	
-1.69922264121470227838e+06	 4.06251061344140209258e+05	 5.50394700207058340311e+05	 4.09443578075548261404e+06	-1.31385346152066595096e+04	 9.02208747129877010593e+04	 6.22214831912997877225e+05	 7.69598206154521540157e+03	 3.57839932446282939054e+05	 1.15869678350429306738e+06	 3.42825065217932569794e+05	 9.01275232953858176188e+03	 2.02780725921149337410e+03	 2.82262901259103728080e+02	 2.95685553053749785590e+01	 5.91866824686463655070e+00	 1.02818821151414585557e+00	 2.69489606585407770467e+01	 2.55707112398085882887e+01	
-1.58944323569776955992e+06	 3.66172256212461623363e+05	 4.15574106078960001469e+05	 3.72943705081015080214e+06	-1.23055161118759351666e+04	 8.86326567620197165525e+04	 7.19910379821110749617e+05	 2.97894896040192998043e+03	 9.57282024467327937600e+03	 3.42825065217932569794e+05	 9.48071437450266792439e+05	 3.03260059356562036555e+05	 1.08474816138876212790e+04	 1.79192054530614950636e+03	 2.39120040635876193846e+02	 1.77562997132819297974e+01	 4.78472590731939373399e+00	 1.50864172441493913368e+01	 1.39395154694916527660e+01	
-1.44017866302257310599e+06	 3.23968406916759558953e+05	 3.07893188441464502830e+05	 3.25730335216532368213e+06	-1.11809694503473547229e+04	 8.22968643733951466857e+04	 7.50225754668889218010e+05	 5.31355144340720471519e+02	 2.35301244389754720032e+03	 9.01275232953858176188e+03	 3.03260059356562036555e+05	 7.63609114512732136063e+05	 2.69033856237609463278e+05	 8.54261558258646255126e+03	 1.65428490735738068906e+03	 1.29127888034849689802e+02	 1.04515540546184055870e+01	-3.07842874221292972514e-01	 4.69188870270897950832e+00	
-1.39668103804611740634e+06	 3.09525430442262790166e+05	 2.45773842633657681290e+05	 3.02856403299740049988e+06	-1.08813512232534703799e+04	 8.04587738220146566164e+04	 7.94738293691060971469e+05	 1.51555437102285452511e+02	 3.77643199206848066751e+02	 2.02780725921149337410e+03	 1.08474816138876212790e+04	 2.69033856237609463278e+05	 7.01375923498384188861e+05	 2.31845609705226059305e+05	 1.18240175674676429480e+04	 1.01523410432676587334e+03	 7.16759826464920024591e+01	 4.18294272823004007478e+01	 4.48625639316455817607e+01	
-1.16753412933307327330e+06	 2.56559799275579513051e+05	 1.70415211212698835880e+05	 2.42627810699526313692e+06	-9.12655355719199724263e+03	 6.72723349498969328124e+04	 7.07874156431365991011e+05	 6.64869482240157196884e+01	 3.06092056046546758807e+01	 2.82262901259103728080e+02	 1.79192054530614950636e+03	 8.54261558258646255126e+03	 2.31845609705226059305e+05	 5.20203860501798859332e+05	 1.97192831670276471414e+05	 4.89538164970994603209e+03	 3.71341737094936888752e+02	 4.34225028606733900460e+01	 5.21409230442643547576e+01	
-1.24175415871015400626e+06	 2.71480453903325716965e+05	 1.48061814943311095703e+05	 2.47892627043263241649e+06	-9.73013822231952872244e+03	 7.16261455742286489112e+04	 7.93661975006337044761e+05	 3.12494899898649620695e+01	 1.22116567234161070843e+01	 2.95685553053749785590e+01	 2.39120040635876193846e+02	 1.65428490735738068906e+03	 1.18240175674676429480e+04	 1.97192831670276471414e+05	 6.10516481763679301366e+05	 1.50153324574587808456e+05	 2.72919811068781382346e+03	 6.24302601744569898301e+01	 9.25768238153718812100e+01	
-1.05109707393386960030e+06	 2.28639899984891206259e+05	 9.48976237822874390986e+04	 2.04018956248594401404e+06	-8.23094949554353297572e+03	 6.18595690758212876972e+04	 7.09443929947866359726e+05	 2.84655390134751762332e+00	 1.75275983130135593058e+00	 5.91866824686463655070e+00	 1.77562997132819297974e+01	 1.29127888034849689802e+02	 1.01523410432676587334e+03	 4.89538164970994603209e+03	 1.50153324574587808456e+05	 5.66881786044866195880e+05	 7.45277332305584859569e+04	-2.74664919557063385014e+01	-6.13178938704808160765e+01	
-6.00165469577063573524e+05	 1.28693606242095120251e+05	 2.87436082060576372896e+04	 1.22149543199487891980e+06	-4.62900573311269818078e+03	 3.97620003518873854773e+04	 4.39355834027336677536e+05	 4.74234491672890001723e+00	 1.63408010752372589991e+00	 1.02818821151414585557e+00	 4.78472590731939373399e+00	 1.04515540546184055870e+01	 7.16759826464920024591e+01	 3.71341737094936888752e+02	 2.72919811068781382346e+03	 7.45277332305584859569e+04	 3.92815059535053791478e+05	-2.21974001845960003720e+02	-3.87938600392557873420e+02	
 3.04869236328297120053e+02	-1.52315315851436565708e+02	-8.15447857064881191036e+02	 3.30261060983746062902e+02	 2.71873030990958164388e-01	-1.40383397616100808136e+02	 1.62363919380400711816e+04	 8.56162593502697859549e+01	-2.59060937225531517925e+01	 2.69489606585407770467e+01	 1.50864172441493913368e+01	-3.07842874221292972514e-01	 4.18294272823004007478e+01	 4.34225028606733900460e+01	 6.24302601744569898301e+01	-2.74664919557063385014e+01	-2.21974001845960003720e+02	 3.30524829334950118209e+03	 5.28422170984187869180e+03	
-2.14516976032749653314e+02	-2.50526461424037023562e+01	-8.31110512555772970700e+02	 1.69933265323635214372e+03	-5.22307975898103027390e+00	-2.09466429762378879786e+02	 2.85543754501943549258e+04	 4.97125944094608485102e+01	-2.71257110414760518324e+01	 2.55707112398085882887e+01	 1.39395154694916527660e+01	 4.69188870270897950832e+00	 4.48625639316455817607e+01	 5.21409230442643547576e+01	 9.25768238153718812100e+01	-6.13178938704808160765e+01	-3.87938600392557873420e+02	 5.28422170984187869180e+03	 8.62817835848628055828e+03	
