#          Omega_b,                h,              n_s,           sigma8,       N_eff_camb,        m_nu_camb,     Omega_m_camb,           bias_1,           bias_2,           bias_3,           bias_4,           bias_5,           bias_6,           bias_7,           bias_8,           bias_9,          bias_10,              aIA,            etaIA
 2.27672276546741798520e+07	-5.40617792334312945604e+06	-8.19620250106548145413e+06	-3.84742280006234049797e+07	 1.95766633495275949826e+05	-2.21510928200051374733e+06	-1.47156540173181705177e+07	-2.56871594272937439382e+06	-1.96243945964076649398e+06	-1.61601599708332843147e+06	-1.58124932498983805999e+06	-1.49713926951098302379e+06	-1.50717491053010034375e+06	-1.29742466811509174295e+06	-1.41333299153548059985e+06	-1.22247639053798001260e+06	-7.15327073924238793552e+05	 2.04937546685786344369e+02	-4.53545199723935070324e+02	
-5.40617792334312945604e+06	 1.29861615112868114375e+06	 1.98684943170412117615e+06	 9.18129329987656138837e+06	-4.66443195079302677186e+04	 5.24708154852683073841e+05	 3.61629512577047850937e+06	 6.14888697745318640955e+05	 4.57629744445065560285e+05	 3.75979615784546593204e+05	 3.68915904251559753902e+05	 3.51057233915064309258e+05	 3.55130530668757681269e+05	 3.06941509293343988247e+05	 3.35118927434166311286e+05	 2.89376261988313402981e+05	 1.66872402361653628759e+05	-5.45316110534663778253e+01	 1.29504390255492410233e+02	
-8.19620250106548145413e+06	 1.98684943170412117615e+06	 3.12358075777584081516e+06	 1.44312417862284108996e+07	-7.06901914726854156470e+04	 8.25246033019578084350e+05	 5.45172985058107879013e+06	 1.16042733304906869307e+06	 8.01073874052994418889e+05	 6.21798912591025466099e+05	 5.82802841422089724801e+05	 5.33573267488614539616e+05	 5.22379299864042084664e+05	 4.39328983072672504932e+05	 4.67749215461765415967e+05	 3.93247388074821326882e+05	 2.20313065458840195788e+05	-2.97294275022569308931e+02	-9.81924362591697956759e+01	
-3.84742280006234049797e+07	 9.18129329987656138837e+06	 1.44312417862284108996e+07	 7.95950486007346659899e+07	-3.31574102951764361933e+05	 4.69589705341570358723e+06	 2.51542982728374227881e+07	 5.97131947094974666834e+06	 5.06743164190060086548e+06	 4.00841834154389146715e+06	 3.66540769981658039615e+06	 3.20440241133623570204e+06	 2.97680814439307572320e+06	 2.38120631960495840758e+06	 2.43031735896851494908e+06	 2.00239929077655915171e+06	 1.20749567367531685159e+06	 3.40342110570089516841e+02	 1.69224908377112501512e+03	
 1.95766633495275949826e+05	-4.66443195079302677186e+04	-7.06901914726854156470e+04	-3.31574102951764361933e+05	 1.69179359328058922074e+03	-1.90887202761295338860e+04	-1.26766959639505337691e+05	-2.20843608445952704642e+04	-1.69016763819388943375e+04	-1.39286633475802409521e+04	-1.36352695850873951713e+04	-1.29129337757086595957e+04	-1.29992849877340304374e+04	-1.11876880196962210903e+04	-1.21806685484632034786e+04	-1.05239459471692734951e+04	-6.14035449243148013920e+03	 1.97563693494353920244e+00	-3.57086987484112716729e+00	
-2.21510928200051374733e+06	 5.24708154852683073841e+05	 8.25246033019578084350e+05	 4.69589705341570358723e+06	-1.90887202761295338860e+04	 2.95088748273708042689e+05	 1.05196854382023680955e+06	 3.99469371684048324823e+05	 3.21271738339738047216e+05	 2.50372363844387116842e+05	 2.28099906043604860315e+05	 1.99137349344141897745e+05	 1.85676655915896903025e+05	 1.49663819576992711518e+05	 1.54840978852449799888e+05	 1.30954652101253217552e+05	 8.37585425363987160381e+04	-9.28116927823876665116e+01	-1.68930630252424123228e+02	
-1.47156540173181705177e+07	 3.61629512577047850937e+06	 5.45172985058107879013e+06	 2.51542982728374227881e+07	-1.26766959639505337691e+05	 1.05196854382023680955e+06	 2.09764587969068959355e+07	-9.10368259449708159082e+05	 2.85970075944040901959e+05	 5.81729988197532366030e+05	 7.46144659919867990538e+05	 8.26107229324084008113e+05	 9.10112341214383952320e+05	 8.30950473652483196929e+05	 9.46684873363948892802e+05	 8.54732209115923848003e+05	 5.31775401416629785672e+05	 1.63261134087836144317e+04	 2.86484382490871139453e+04	
-2.56871594272937439382e+06	 6.14888697745318640955e+05	 1.16042733304906869307e+06	 5.97131947094974666834e+06	-2.20843608445952704642e+04	 3.99469371684048324823e+05	-9.10368259449708159082e+05	 3.56549588317376235500e+06	 3.61323307718598924112e+05	 7.76895778402770156390e+03	 2.87641087099280048278e+03	 5.09749804377502584884e+02	 1.49815993750525137784e+02	 6.32597340877067324527e+01	 3.00366367718950755261e+01	 2.79931248380018615762e+00	 4.52222878537914141361e+00	 8.14889913986877871821e+01	 4.73799498581468014891e+01	
-1.96243945964076649398e+06	 4.57629744445065560285e+05	 8.01073874052994418889e+05	 5.06743164190060086548e+06	-1.69016763819388943375e+04	 3.21271738339738047216e+05	 2.85970075944040901959e+05	 3.61323307718598924112e+05	 1.88003058300350536592e+06	 3.55083667669715767261e+05	 9.62190013584275038738e+03	 2.30751716175736601144e+03	 3.58616627390948110587e+02	 3.25658842867600455406e+01	 1.19456332248641015070e+01	 1.58706544850947395275e+00	 1.62733114971668157978e+00	-2.40488365695916606057e+01	-2.54368345441652650152e+01	
-1.61601599708332843147e+06	 3.75979615784546593204e+05	 6.21798912591025466099e+05	 4.00841834154389146715e+06	-1.39286633475802409521e+04	 2.50372363844387116842e+05	 5.81729988197532366030e+05	 7.76895778402770156390e+03	 3.55083667669715767261e+05	 1.14275561743682995439e+06	 3.39555758956632751506e+05	 9.01205119881030259421e+03	 2.02008120920558985745e+03	 2.67759630500162415956e+02	 2.98266107476496600270e+01	 5.97818988794385219876e+00	 7.38607427861417420445e-01	 2.62469772285896070230e+01	 2.49431967804611645079e+01	
-1.58124932498983805999e+06	 3.68915904251559753902e+05	 5.82802841422089724801e+05	 3.66540769981658039615e+06	-1.36352695850873951713e+04	 2.28099906043604860315e+05	 7.46144659919867990538e+05	 2.87641087099280048278e+03	 9.62190013584275038738e+03	 3.39555758956632751506e+05	 9.34831649283601203933e+05	 2.99993933818627963774e+05	 1.08610923539336945396e+04	 1.77116781749842994031e+03	 2.32056061989473334961e+02	 1.73689903046994089664e+01	 4.82924296507308525861e+00	 1.37438724774437979192e+01	 1.26581334555447142520e+01	
-1.49713926951098302379e+06	 3.51057233915064309258e+05	 5.33573267488614539616e+05	 3.20440241133623570204e+06	-1.29129337757086595957e+04	 1.99137349344141897745e+05	 8.26107229324084008113e+05	 5.09749804377502584884e+02	 2.30751716175736601144e+03	 9.01205119881030259421e+03	 2.99993933818627963774e+05	 7.52284818613577284850e+05	 2.65860652233433327638e+05	 8.56217002769740975054e+03	 1.62298807270699717265e+03	 1.27646085770292486927e+02	 1.07242119974186334019e+01	 3.35312755392911499008e-01	 5.28739764102044773608e+00	
-1.50717491053010034375e+06	 3.55130530668757681269e+05	 5.22379299864042084664e+05	 2.97680814439307572320e+06	-1.29992849877340304374e+04	 1.85676655915896903025e+05	 9.10112341214383952320e+05	 1.49815993750525137784e+02	 3.58616627390948110587e+02	 2.02008120920558985745e+03	 1.08610923539336945396e+04	 2.65860652233433327638e+05	 6.90394622152967960574e+05	 2.28783906451287388336e+05	 1.18142968992549285758e+04	 9.96928197895181597232e+02	 7.15387172577475212165e+01	 4.11517744225912025513e+01	 4.41041717599351272838e+01	
-1.29742466811509174295e+06	 3.06941509293343988247e+05	 4.39328983072672504932e+05	 2.38120631960495840758e+06	-1.11876880196962210903e+04	 1.49663819576992711518e+05	 8.30950473652483196929e+05	 6.32597340877067324527e+01	 3.25658842867600455406e+01	 2.67759630500162415956e+02	 1.77116781749842994031e+03	 8.56217002769740975054e+03	 2.28783906451287388336e+05	 5.11832470501383708324e+05	 1.94419120923579263035e+05	 4.87199714104370377754e+03	 3.65496085334554095425e+02	 4.24812439306441405051e+01	 5.09861215583903515380e+01	
-1.41333299153548059985e+06	 3.35118927434166311286e+05	 4.67749215461765415967e+05	 2.43031735896851494908e+06	-1.21806685484632034786e+04	 1.54840978852449799888e+05	 9.46684873363948892802e+05	 3.00366367718950755261e+01	 1.19456332248641015070e+01	 2.98266107476496600270e+01	 2.32056061989473334961e+02	 1.62298807270699717265e+03	 1.18142968992549285758e+04	 1.94419120923579263035e+05	 6.00709243360821856186e+05	 1.47999253802892897511e+05	 2.71088691044031293131e+03	 6.03259321066052933702e+01	 8.96680676981358146804e+01	
-1.22247639053798001260e+06	 2.89376261988313402981e+05	 3.93247388074821326882e+05	 2.00239929077655915171e+06	-1.05239459471692734951e+04	 1.30954652101253217552e+05	 8.54732209115923848003e+05	 2.79931248380018615762e+00	 1.58706544850947395275e+00	 5.97818988794385219876e+00	 1.73689903046994089664e+01	 1.27646085770292486927e+02	 9.96928197895181597232e+02	 4.87199714104370377754e+03	 1.47999253802892897511e+05	 5.58257195616995799355e+05	 7.35123280409310827963e+04	-3.16388141087857448497e+01	-6.81827629539111512713e+01	
-7.15327073924238793552e+05	 1.66872402361653628759e+05	 2.20313065458840195788e+05	 1.20749567367531685159e+06	-6.14035449243148013920e+03	 8.37585425363987160381e+04	 5.31775401416629785672e+05	 4.52222878537914141361e+00	 1.62733114971668157978e+00	 7.38607427861417420445e-01	 4.82924296507308525861e+00	 1.07242119974186334019e+01	 7.15387172577475212165e+01	 3.65496085334554095425e+02	 2.71088691044031293131e+03	 7.35123280409310827963e+04	 3.88221707696359080728e+05	-2.26824527947255489835e+02	-3.96518516660399370721e+02	
 2.04937546685786344369e+02	-5.45316110534663778253e+01	-2.97294275022569308931e+02	 3.40342110570089516841e+02	 1.97563693494353920244e+00	-9.28116927823876665116e+01	 1.63261134087836144317e+04	 8.14889913986877871821e+01	-2.40488365695916606057e+01	 2.62469772285896070230e+01	 1.37438724774437979192e+01	 3.35312755392911499008e-01	 4.11517744225912025513e+01	 4.24812439306441405051e+01	 6.03259321066052933702e+01	-3.16388141087857448497e+01	-2.26824527947255489835e+02	 3.26598071230702134926e+03	 5.22496476551331579685e+03	
-4.53545199723935070324e+02	 1.29504390255492410233e+02	-9.81924362591697956759e+01	 1.69224908377112501512e+03	-3.57086987484112716729e+00	-1.68930630252424123228e+02	 2.86484382490871139453e+04	 4.73799498581468014891e+01	-2.54368345441652650152e+01	 2.49431967804611645079e+01	 1.26581334555447142520e+01	 5.28739764102044773608e+00	 4.41041717599351272838e+01	 5.09861215583903515380e+01	 8.96680676981358146804e+01	-6.81827629539111512713e+01	-3.96518516660399370721e+02	 5.22496476551331579685e+03	 8.53566199800784488616e+03	
