#           w0_fld,           wa_fld,          Omega_b,                h,              n_s,           sigma8,     Omega_m_camb,           bias_1,           bias_2,           bias_3,           bias_4,           bias_5,           bias_6,           bias_7,           bias_8,           bias_9,          bias_10,              aIA,            etaIA
 2.95072868136373441666e+06	 6.14533098869065521285e+05	-6.86039377860269509256e+06	 1.61700982132343435660e+06	 2.52339289923222968355e+06	 1.41112757647506352514e+07	 2.54379218027089815587e+06	 1.18584191245523560792e+06	 9.80063579793299199082e+05	 7.81955737360229250044e+05	 7.25637886204276932403e+05	 6.42932391392946010455e+05	 6.06214692653443664312e+05	 4.91590427746320143342e+05	 5.08448859931871993467e+05	 4.25144155307605979033e+05	 2.61437182717902003787e+05	 1.06903049963495550401e+03	 1.46505456544970820687e+03	
 6.14533098869065521285e+05	 1.31489306083424802637e+05	-1.47060361766902916133e+06	 3.47352538325704052113e+05	 5.35272911243646638468e+05	 2.94355959233452379704e+06	 6.49085608910785289481e+05	 1.91129848617761832429e+05	 1.71873609103171562310e+05	 1.47367212422826502007e+05	 1.44880368365697970148e+05	 1.35321925984014465939e+05	 1.33944910257703391835e+05	 1.13524881533316627610e+05	 1.22635973822255968116e+05	 1.07575487253106402932e+05	 6.99111799762181180995e+04	 3.65578477834934460589e+02	 5.45623648184563990071e+02	
-6.86039377860269509256e+06	-1.47060361766902916133e+06	 2.27736253498587720096e+07	-5.40644693047258071601e+06	-8.19764828381839022040e+06	-3.84800842413373291492e+07	-1.47168205054236296564e+07	-2.56929951302934903651e+06	-1.96289804055902641267e+06	-1.61636868458122061566e+06	-1.58155326316029764712e+06	-1.49739491000273055397e+06	-1.50740668568940181285e+06	-1.29760596907523693517e+06	-1.41351291860398091376e+06	-1.22261917312245839275e+06	-7.15414871833860874176e+05	 2.04864630427716519989e+02	-4.53712835627198955990e+02	
 1.61700982132343435660e+06	 3.47352538325704052113e+05	-5.40644693047258071601e+06	 1.29859686950909229927e+06	 1.98700984700042498298e+06	 9.18102817057546600699e+06	 3.61560133275006990880e+06	 6.14901042724213097245e+05	 4.57646319346638047136e+05	 3.75980139891381550115e+05	 3.68902807403621496633e+05	 3.51028687247582769487e+05	 3.55105071005847654305e+05	 3.06932858690686523914e+05	 3.35116947131474502385e+05	 2.89378587905785185285e+05	 1.66873254592535144184e+05	-5.45171165915982527395e+01	 1.29524285135500008437e+02	
 2.52339289923222968355e+06	 5.35272911243646638468e+05	-8.19764828381839022040e+06	 1.98700984700042498298e+06	 3.12377046915389178321e+06	 1.44312254260836169124e+07	 5.45337863968349993229e+06	 1.16040688221616856754e+06	 8.01187526495987316594e+05	 6.21807507328577106819e+05	 5.82797999533949885517e+05	 5.33528839255847036839e+05	 5.22346148502309340984e+05	 4.39341725196956074797e+05	 4.67783641541765187867e+05	 3.93297129616479622200e+05	 2.20346371973035013070e+05	-2.97279971063949346899e+02	-9.81576690156309723534e+01	
 1.41112757647506352514e+07	 2.94355959233452379704e+06	-3.84800842413373291492e+07	 9.18102817057546600699e+06	 1.44312254260836169124e+07	 7.95916048407355248928e+07	 2.51630934673819318414e+07	 5.97084710585539788008e+06	 5.06726303417637385428e+06	 4.00830271568073984236e+06	 3.66534174217785382643e+06	 3.20435704432811494917e+06	 2.97677817080885637552e+06	 2.38119837543272925541e+06	 2.43031920260661467910e+06	 2.00240173516632569954e+06	 1.20749854798967624083e+06	 3.40574443433084184107e+02	 1.69248338586291765751e+03	
 2.54379218027089815587e+06	 6.49085608910785289481e+05	-1.47168205054236296564e+07	 3.61560133275006990880e+06	 5.45337863968349993229e+06	 2.51630934673819318414e+07	 2.09804247939121723175e+07	-9.10075566340938908979e+05	 2.86830826217261725105e+05	 5.82328783976419828832e+05	 7.46692254384699626826e+05	 8.26535866806488251314e+05	 9.10485349219148629345e+05	 8.31256912721015862189e+05	 9.46994038924870081246e+05	 8.54982459672515979037e+05	 5.31931584218365373090e+05	 1.63273413064522064815e+04	 2.86500602759159155539e+04	
 1.18584191245523560792e+06	 1.91129848617761832429e+05	-2.56929951302934903651e+06	 6.14901042724213097245e+05	 1.16040688221616856754e+06	 5.97084710585539788008e+06	-9.10075566340938908979e+05	 3.56538865683544008061e+06	 3.61316698576050461270e+05	 7.76907041061554264161e+03	 2.87591225296273296408e+03	 5.09768434130415585059e+02	 1.49745293843376259701e+02	 6.34478989812099172241e+01	 3.02654167421537323435e+01	 2.79435443852705134304e+00	 4.41687365593773506589e+00	 8.14906265962024178862e+01	 4.73932813632156921813e+01	
 9.80063579793299199082e+05	 1.71873609103171562310e+05	-1.96289804055902641267e+06	 4.57646319346638047136e+05	 8.01187526495987316594e+05	 5.06726303417637385428e+06	 2.86830826217261725105e+05	 3.61316698576050461270e+05	 1.87999810988585278392e+06	 3.55081388235698454082e+05	 9.62189071146407150081e+03	 2.30750586699870746088e+03	 3.58464047628670414269e+02	 3.27882371854541929679e+01	 1.20273265452116611129e+01	 1.66794278714134236452e+00	 1.59604271266613295666e+00	-2.40506505633995431026e+01	-2.54302068861179577652e+01	
 7.81955737360229250044e+05	 1.47367212422826502007e+05	-1.61636868458122061566e+06	 3.75980139891381550115e+05	 6.21807507328577106819e+05	 4.00830271568073984236e+06	 5.82328783976419828832e+05	 7.76907041061554264161e+03	 3.55081388235698454082e+05	 1.14274282861123303883e+06	 3.39553799706826859619e+05	 9.01191807320405860082e+03	 2.01997925693378374490e+03	 2.67673004553560133445e+02	 2.97981140695013273501e+01	 5.98034136629391355200e+00	 7.28481926999009488100e-01	 2.62391204862822036148e+01	 2.49550075175621088874e+01	
 7.25637886204276932403e+05	 1.44880368365697970148e+05	-1.58155326316029764712e+06	 3.68902807403621496633e+05	 5.82797999533949885517e+05	 3.66534174217785382643e+06	 7.46692254384699626826e+05	 2.87591225296273296408e+03	 9.62189071146407150081e+03	 3.39553799706826859619e+05	 9.34825270649095880799e+05	 2.99992819721606909297e+05	 1.08609881869611726870e+04	 1.77130075211349208075e+03	 2.32057981073113978709e+02	 1.74802283247563643442e+01	 4.71281710250207908075e+00	 1.37466238018619222316e+01	 1.26655831750129834745e+01	
 6.42932391392946010455e+05	 1.35321925984014465939e+05	-1.49739491000273055397e+06	 3.51028687247582769487e+05	 5.33528839255847036839e+05	 3.20435704432811494917e+06	 8.26535866806488251314e+05	 5.09768434130415585059e+02	 2.30750586699870746088e+03	 9.01191807320405860082e+03	 2.99992819721606909297e+05	 7.52281690087805036455e+05	 2.65860030547538015526e+05	 8.56213303360109057394e+03	 1.62302109501880522657e+03	 1.27717801847981007768e+02	 1.06288971195228505451e+01	 3.32333425285213923672e-01	 5.29293811818470771868e+00	
 6.06214692653443664312e+05	 1.33944910257703391835e+05	-1.50740668568940181285e+06	 3.55105071005847654305e+05	 5.22346148502309340984e+05	 2.97677817080885637552e+06	 9.10485349219148629345e+05	 1.49745293843376259701e+02	 3.58464047628670414269e+02	 2.01997925693378374490e+03	 1.08609881869611726870e+04	 2.65860030547538015526e+05	 6.90392593768450082280e+05	 2.28783583243233850226e+05	 1.18142032394430625573e+04	 9.96952330654106276597e+02	 7.15829418365520666612e+01	 4.11491446804869127618e+01	 4.41060085002173991597e+01	
 4.91590427746320143342e+05	 1.13524881533316627610e+05	-1.29760596907523693517e+06	 3.06932858690686523914e+05	 4.39341725196956074797e+05	 2.38119837543272925541e+06	 8.31256912721015862189e+05	 6.34478989812099172241e+01	 3.27882371854541929679e+01	 2.67673004553560133445e+02	 1.77130075211349208075e+03	 8.56213303360109057394e+03	 2.28783583243233850226e+05	 5.11831316796097147744e+05	 1.94418979177591274492e+05	 4.87197080397882291436e+03	 3.65538527087363775081e+02	 4.24820333305521558032e+01	 5.09823554232477818005e+01	
 5.08448859931871993467e+05	 1.22635973822255968116e+05	-1.41351291860398091376e+06	 3.35116947131474502385e+05	 4.67783641541765187867e+05	 2.43031920260661467910e+06	 9.46994038924870081246e+05	 3.02654167421537323435e+01	 1.20273265452116611129e+01	 2.97981140695013273501e+01	 2.32057981073113978709e+02	 1.62302109501880522657e+03	 1.18142032394430625573e+04	 1.94418979177591274492e+05	 6.00708640563584514894e+05	 1.47999098721695772838e+05	 2.71085041018236825039e+03	 6.03284569429410169050e+01	 8.96680619037009734029e+01	
 4.25144155307605979033e+05	 1.07575487253106402932e+05	-1.22261917312245839275e+06	 2.89378587905785185285e+05	 3.93297129616479622200e+05	 2.00240173516632569954e+06	 8.54982459672515979037e+05	 2.79435443852705134304e+00	 1.66794278714134236452e+00	 5.98034136629391355200e+00	 1.74802283247563643442e+01	 1.27717801847981007768e+02	 9.96952330654106276597e+02	 4.87197080397882291436e+03	 1.47999098721695772838e+05	 5.58256634263494750485e+05	 7.35124215203086205292e+04	-3.16412738996070999065e+01	-6.81858915440287773890e+01	
 2.61437182717902003787e+05	 6.99111799762181180995e+04	-7.15414871833860874176e+05	 1.66873254592535144184e+05	 2.20346371973035013070e+05	 1.20749854798967624083e+06	 5.31931584218365373090e+05	 4.41687365593773506589e+00	 1.59604271266613295666e+00	 7.28481926999009488100e-01	 4.71281710250207908075e+00	 1.06288971195228505451e+01	 7.15829418365520666612e+01	 3.65538527087363775081e+02	 2.71085041018236825039e+03	 7.35124215203086205292e+04	 3.88221600242668821011e+05	-2.26825206015978096730e+02	-3.96523449350589260121e+02	
 1.06903049963495550401e+03	 3.65578477834934460589e+02	 2.04864630427716519989e+02	-5.45171165915982527395e+01	-2.97279971063949346899e+02	 3.40574443433084184107e+02	 1.63273413064522064815e+04	 8.14906265962024178862e+01	-2.40506505633995431026e+01	 2.62391204862822036148e+01	 1.37466238018619222316e+01	 3.32333425285213923672e-01	 4.11491446804869127618e+01	 4.24820333305521558032e+01	 6.03284569429410169050e+01	-3.16412738996070999065e+01	-2.26825206015978096730e+02	 3.26598042641893698601e+03	 5.22496738230623850541e+03	
 1.46505456544970820687e+03	 5.45623648184563990071e+02	-4.53712835627198955990e+02	 1.29524285135500008437e+02	-9.81576690156309723534e+01	 1.69248338586291765751e+03	 2.86500602759159155539e+04	 4.73932813632156921813e+01	-2.54302068861179577652e+01	 2.49550075175621088874e+01	 1.26655831750129834745e+01	 5.29293811818470771868e+00	 4.41060085002173991597e+01	 5.09823554232477818005e+01	 8.96680619037009734029e+01	-6.81858915440287773890e+01	-3.96523449350589260121e+02	 5.22496738230623850541e+03	 8.53566640833108067454e+03	
