,Omegam,Omegab,h,ns,sigma8,w0,wa,b1,b2,b3,b4,b5,b6,b7,b8,b9,b10,AIA,betaIA,etaIA
Omegam,5965088.535841915,-1567287.1142441502,362869.69313673646,440252.2513905627,2339066.620435504,-545510.2484801547,-94476.45599528382,-657099.6696796337,-163560.18831598424,-80588.57712851174,-43715.51021751195,-20071.10312438267,-8232.684052333632,-1319.4567266367148,1118.2250748814477,-654.2619872817686,-9771.34071940125,9624.582093788082,4849.2310208183335,16644.927214929638
Omegab,-1567287.1142441502,2504769.9041661387,-479326.0465675167,-410836.2308547087,-865766.0326839548,-4342.4908298486935,4014.933076177837,-80120.5787882193,-72532.04384971727,-49643.8322420592,-37956.78552339852,-24371.19623651474,-13248.415314275437,211.68322814887142,16695.762976728758,30851.770151881603,63515.36273269678,666.8502904945306,-541.2742691779358,822.6749351006572
h,362869.69313673646,-479326.0465675167,105374.35763861539,115431.02261084541,62486.26554483165,-31765.40125788167,-7908.0413042110395,8736.918621920646,6525.131865379685,2615.5345663419157,301.412950416842,-2097.5531298777532,-4655.158723100194,-6792.601561850852,-11204.65524746594,-15480.812196977336,-20621.468898876214,-202.21629755669215,159.69206735461637,-250.68874833027826
ns,440252.2513905627,-410836.2308547087,115431.02261084541,213993.2906546934,-481585.71554055024,-162327.69108932704,-36266.27474132321,-18645.474269400853,-30755.193999816358,-33287.469326744824,-35844.45340048994,-36183.04561542439,-39057.199201903764,-36491.08925591943,-45104.66320970784,-48917.68216563307,-46878.120398674604,-388.6654541681622,349.1137193879596,-464.27202805983285
sigma8,2339066.620435504,-865766.0326839548,62486.26554483165,-481585.71554055024,7488135.746494872,1050315.5602975988,220687.7964275725,581569.2024213091,442624.2741134004,330611.37667393003,296869.70752355404,262417.96253578144,254457.26007316276,218085.3186636638,250335.63142882267,252333.85556026656,220634.33056392914,-858.0939848606536,2260.481604870824,-462.7216486216263
w0,-545510.2484801547,-4342.4908298486935,-31765.40125788167,-162327.69108932704,1050315.5602975988,328576.5968800114,68544.24646321032,171352.979236683,113758.95201874037,87513.01617929999,76943.69870226602,66153.03887832421,62591.79458733359,52344.65187711732,59118.380552921735,59482.000278651205,52098.54245054094,177.41422335891295,151.25981746885924,333.84500372719623
wa,-94476.45599528382,4014.933076177837,-7908.0413042110395,-36266.27474132321,220687.7964275725,68544.24646321032,14997.411900966297,22898.06809856298,19440.907095438826,16937.53552672303,16058.559541742043,14639.103933766837,14504.268304547517,12584.91700575712,14703.19511369949,15319.143863802354,13994.67840029003,121.9877739108032,63.15129706136145,212.55598641473102
b1,-657099.6696796337,-80120.5787882193,8736.918621920646,-18645.474269400853,581569.2024213091,171352.979236683,22898.06809856298,525232.7906385777,44701.84021511662,488.211732773474,667.0862192643746,13.735584367576347,43.68157490837854,5.365509219690754,3.6577507068281188,-0.001710797757106839,1.3909480982805236,-8.23509694854329,23.458535014464267,-4.290898156048652
b2,-163560.18831598424,-72532.04384971727,6525.131865379685,-30755.193999816358,442624.2741134004,113758.95201874037,19440.907095438826,44701.84021511662,238668.5622725322,33518.456004703956,49.822876616632044,722.6344955369292,-20.783984540036123,21.470806816612438,5.9331775051783335,0.10466476936986355,0.8898505113822965,-67.67890134078034,158.16708821127995,-50.41116743119868
b3,-80588.57712851174,-49643.8322420592,2615.5345663419157,-33287.469326744824,330611.37667393003,87513.01617929999,16937.53552672303,488.211732773474,33518.456004703956,157936.90966103773,34258.72708782031,-158.3116733468111,574.5385143191996,15.343794244184817,4.100673593261848,5.3741015777194265,0.04220022438323838,-77.30674492839611,139.823884479229,-64.13966068559947
b4,-43715.51021751195,-37956.78552339852,301.412950416842,-35844.45340048994,296869.70752355404,76943.69870226602,16058.559541742043,667.0862192643746,49.822876616632044,34258.72708782031,127273.02380187211,30747.237807954116,214.44115016107818,410.5887331715196,53.57568848126811,6.656720227375026,3.9632986869762745,-126.32181680078543,161.5681175925964,-121.16537709617735
b5,-20071.10312438267,-24371.19623651474,-2097.5531298777532,-36183.04561542439,262417.96253578144,66153.03887832421,14639.103933766837,13.735584367576347,722.6344955369292,-158.3116733468111,30747.237807954116,102997.04318626208,27816.63651330492,455.136232090289,355.51771357613006,59.26865935215263,7.745508469445527,-88.19896749261777,112.4377258261154,-88.93254988420077
b6,-8232.684052333632,-13248.415314275437,-4655.158723100194,-39057.199201903764,254457.26007316276,62591.79458733359,14504.268304547517,43.68157490837854,-20.783984540036123,574.5385143191996,214.44115016107818,27816.63651330492,96540.9917695198,24551.619388629257,1000.5208810350348,280.3691257726461,50.15135618575267,-47.833930003190595,47.87846642107249,-59.00219092479616
b7,-1319.4567266367148,211.68322814887142,-6792.601561850852,-36491.08925591943,218085.3186636638,52344.65187711732,12584.91700575712,5.365509219690754,21.470806816612438,15.343794244184817,410.5887331715196,455.136232090289,24551.619388629257,76722.19621002549,20525.485493265256,716.8473890239454,117.89012322705567,-35.08618226664664,20.89952155963145,-47.51864105616305
b8,1118.2250748814477,16695.762976728758,-11204.65524746594,-45104.66320970784,250335.63142882267,59118.380552921735,14703.19511369949,3.6577507068281188,5.9331775051783335,4.100673593261848,53.57568848126811,355.51771357613006,1000.5208810350348,20525.485493265256,95432.43264507547,16996.93160158377,631.1131450841068,-37.68187921133574,28.60606259818736,-45.914462489375325
b9,-654.2619872817686,30851.770151881603,-15480.812196977336,-48917.68216563307,252333.85556026656,59482.000278651205,15319.143863802354,-0.001710797757106839,0.10466476936986355,5.3741015777194265,6.656720227375026,59.26865935215263,280.3691257726461,716.8473890239454,16996.93160158377,98838.81178793864,11623.713272799983,-152.89954463372385,-50.089395258218275,-260.9239342402909
b10,-9771.34071940125,63515.36273269678,-20621.468898876214,-46878.120398674604,220634.33056392914,52098.54245054094,13994.67840029003,1.3909480982805236,0.8898505113822965,0.04220022438323838,3.9632986869762745,7.745508469445527,50.15135618575267,117.89012322705567,631.1131450841068,11623.713272799983,90078.59571418489,-370.29096062068675,-223.23327744517468,-652.225603349897
AIA,9624.582093788082,666.8502904945306,-202.21629755669215,-388.6654541681622,-858.0939848606536,177.41422335891295,121.9877739108032,-8.23509694854329,-67.67890134078034,-77.30674492839611,-126.32181680078543,-88.19896749261777,-47.833930003190595,-35.08618226664664,-37.68187921133574,-152.89954463372385,-370.29096062068675,1874.6730815068347,443.97127766831727,3052.4119713422897
betaIA,4849.2310208183335,-541.2742691779358,159.69206735461637,349.1137193879596,2260.481604870824,151.25981746885924,63.15129706136145,23.458535014464267,158.16708821127995,139.823884479229,161.5681175925964,112.4377258261154,47.87846642107249,20.89952155963145,28.60606259818736,-50.089395258218275,-223.23327744517468,443.97127766831727,735.5531958341583,956.588213767242
etaIA,16644.927214929638,822.6749351006572,-250.68874833027826,-464.27202805983285,-462.7216486216263,333.84500372719623,212.55598641473102,-4.290898156048652,-50.41116743119868,-64.13966068559947,-121.16537709617735,-88.93254988420077,-59.00219092479616,-47.51864105616305,-45.914462489375325,-260.9239342402909,-652.225603349897,3052.4119713422897,956.588213767242,5057.896029992521
