#           w0_fld,           wa_fld,          Omega_b,                h,              n_s,           sigma8,       N_eff_camb,        m_nu_camb,     Omega_m_camb,           bias_1,           bias_2,           bias_3,           bias_4,           bias_5,           bias_6,           bias_7,           bias_8,           bias_9,          bias_10,              aIA,            etaIA
 6.91254329891178046982e-04	-2.86822225015000891249e-03	 2.08078910387434088075e-05	-4.24679349863409691217e-04	 1.71110838981538627198e-04	-7.58850210687883386168e-05	-5.76034142173500497697e-03	 2.31431341214222879073e-04	 6.48381589366142137157e-05	 3.44636236120697916387e-05	 4.09060552865316980303e-05	 5.52282066216556105165e-05	 5.86468982377824944187e-05	 7.35368940631198525536e-05	 8.94919761379250352064e-05	 9.71576803977948055130e-05	 1.06486447396440380439e-04	 1.28458088053259205426e-04	 1.50878357596865680630e-04	-2.37085454466009988355e-04	 5.61021299421949630926e-05	
-2.86822225015000891249e-03	 1.37761814895112303520e-02	-9.56544015620884748420e-05	 2.66519803342453063741e-03	-1.15768860676916727874e-03	 3.88441191133960550021e-04	 3.55307563058914199772e-02	-1.27082196226676875754e-03	-2.94422790843166636964e-04	-2.63500346075743049293e-04	-3.46572591997881774770e-04	-4.54828019927757255629e-04	-4.62010777041261470454e-04	-5.53612087151654258706e-04	-6.52307803463026444728e-04	-6.80703347092903089145e-04	-7.50000837837274292492e-04	-8.67673948955053329392e-04	-9.80889074147109222071e-04	 2.86530897088563979175e-04	 1.05421227653936926691e-04	
 2.08078910387434088075e-05	-9.56544015620884748420e-05	 6.88355541450184911349e-06	-1.22162703155302759052e-05	 5.64692796446062106444e-06	-1.72788703138484483961e-06	-8.12273260312996493726e-04	-3.42077339195061710006e-06	 1.77222682724274033209e-06	 1.73515495675040385331e-06	 1.79180313628990325758e-06	 3.98690667789397749883e-06	 2.95335421655815014342e-06	 4.21548312900615519688e-06	 4.64523875680987233228e-06	 4.74351127225929436579e-06	 3.63078690018852957594e-06	 6.74491369603508592907e-06	 7.04953328213503339921e-06	-4.50334599457448891621e-05	 2.90534094938559462468e-05	
-4.24679349863409691217e-04	 2.66519803342453063741e-03	-1.22162703155302759052e-05	 9.23229948188093274379e-04	-3.89407917983272385074e-04	 7.86928659201993933262e-05	 1.21904841535004533626e-02	-1.87047048381392343967e-04	-4.96921703816137364049e-05	-7.64075379819415629809e-05	-1.09664682259229837123e-04	-1.44400913275377889428e-04	-1.40593650031459974515e-04	-1.69048416848878397872e-04	-1.96470804938002666616e-04	-2.03883799009976806379e-04	-2.29063036990016625789e-04	-2.56526233082530574596e-04	-2.71951611041694062045e-04	-4.33323057548076328443e-05	 2.28132065460475585593e-05	
 1.71110838981538627198e-04	-1.15768860676916727874e-03	 5.64692796446062106444e-06	-3.89407917983272385074e-04	 1.75343268538516108704e-04	-3.59516878273043652262e-05	-4.87684745337105436669e-03	 9.05260850768698589535e-05	 2.16711509135968823634e-05	 3.79503648848844270659e-05	 5.41038201553840843476e-05	 7.01694598156673790155e-05	 6.90111441843914300356e-05	 8.13900438590903961772e-05	 9.42892920983732444728e-05	 9.62654440818629174130e-05	 1.07484679462874354477e-04	 1.20060849075481919628e-04	 1.28289495500958695452e-04	 8.15874006753705303605e-05	-4.45156923514852215598e-05	
-7.58850210687883386168e-05	 3.88441191133960550021e-04	-1.72788703138484483961e-06	 7.86928659201993933262e-05	-3.59516878273043652262e-05	 1.46507936861640293579e-05	 9.03520475475551830546e-04	-8.16510025560586715247e-05	-1.02232805555372135975e-05	-1.00657901077514851400e-05	-1.29947301353177381659e-05	-1.55117193725858270844e-05	-1.60911155321608159751e-05	-1.85393558962940839118e-05	-2.16073245056358109360e-05	-2.16615094601990417855e-05	-2.39844789237646051675e-05	-2.62537701557910605301e-05	-2.97941744951863832821e-05	-1.51358105944576469152e-05	 2.09992289165136948982e-05	
-5.76034142173500497697e-03	 3.55307563058914199772e-02	-8.12273260312996493726e-04	 1.21904841535004533626e-02	-4.87684745337105436669e-03	 9.03520475475551830546e-04	 2.43093928195063563313e-01	-1.13309587351964656879e-03	-6.00083875288077214089e-04	-9.26536331866353564737e-04	-1.31012954393194412835e-03	-1.93234913183895629096e-03	-1.72802520055037860808e-03	-2.16869449151318094068e-03	-2.49798321398000868626e-03	-2.59830009964172325976e-03	-2.81168797854491545052e-03	-3.35693138736767142383e-03	-3.50828747472645878849e-03	 4.81329274881773117728e-03	-3.31602342847891464958e-03	
 2.31431341214222879073e-04	-1.27082196226676875754e-03	-3.42077339195061710006e-06	-1.87047048381392343967e-04	 9.05260850768698589535e-05	-8.16510025560586715247e-05	-1.13309587351964656879e-03	 9.14138973161407897977e-04	 5.30581047554607611988e-05	 3.43114869079769340180e-05	 4.24367719994982550247e-05	 3.53850042304729064512e-05	 4.17607250608769388031e-05	 4.96820857653778688470e-05	 5.15173033373531757441e-05	 4.99923136322765675026e-05	 5.35041812375676523942e-05	 4.20664277729607103437e-05	 6.55008974595928808796e-05	 1.36379540696527728994e-04	-1.60216769051468339987e-04	
 6.48381589366142137157e-05	-2.94422790843166636964e-04	 1.77222682724274033209e-06	-4.96921703816137364049e-05	 2.16711509135968823634e-05	-1.02232805555372135975e-05	-6.00083875288077214089e-04	 5.30581047554607611988e-05	 7.81943274728116955526e-06	 5.91075747851856832010e-06	 7.19198259943116942431e-06	 8.63704930712125264691e-06	 9.21285071606484447140e-06	 1.08242838092833866157e-05	 1.26947344133783484232e-05	 1.30930372462278997740e-05	 1.42583239369468887470e-05	 1.61038658178426140560e-05	 1.85919482482276218207e-05	-4.62751860791671708112e-06	-7.90835115345570849560e-06	
 3.44636236120697916387e-05	-2.63500346075743049293e-04	 1.73515495675040385331e-06	-7.64075379819415629809e-05	 3.79503648848844270659e-05	-1.00657901077514851400e-05	-9.26536331866353564737e-04	 3.43114869079769340180e-05	 5.91075747851856832010e-06	 1.19453594417318328187e-05	 1.58823627783678706933e-05	 2.00008791318236285909e-05	 1.99464830612189095399e-05	 2.21197533516621496234e-05	 2.57736192104193406424e-05	 2.51930927798268350164e-05	 2.78339661787381127136e-05	 3.10349590235935789508e-05	 3.28773768080548346184e-05	 4.91021270194659411983e-05	-3.28405233911760658684e-05	
 4.09060552865316980303e-05	-3.46572591997881774770e-04	 1.79180313628990325758e-06	-1.09664682259229837123e-04	 5.41038201553840843476e-05	-1.29947301353177381659e-05	-1.31012954393194412835e-03	 4.24367719994982550247e-05	 7.19198259943116942431e-06	 1.58823627783678706933e-05	 2.22329270431829922959e-05	 2.74417875100284105474e-05	 2.74996503614026330210e-05	 3.04927187462174726425e-05	 3.55747529664287589178e-05	 3.45896961231146338471e-05	 3.89202453219224782182e-05	 4.25523015449350808410e-05	 4.55299855186838084995e-05	 5.77753696669988905574e-05	-3.69972636845405770684e-05	
 5.52282066216556105165e-05	-4.54828019927757255629e-04	 3.98690667789397749883e-06	-1.44400913275377889428e-04	 7.01694598156673790155e-05	-1.55117193725858270844e-05	-1.93234913183895629096e-03	 3.53850042304729064512e-05	 8.63704930712125264691e-06	 2.00008791318236285909e-05	 2.74417875100284105474e-05	 3.64090111902661581027e-05	 3.49221775833503773824e-05	 3.94031526659191540653e-05	 4.59565100561394737156e-05	 4.52519480448907378918e-05	 4.95874805607062643198e-05	 5.66286701292272970322e-05	 5.92486310489834735343e-05	 9.33627027627364640449e-05	-5.47116563584238072937e-05	
 5.86468982377824944187e-05	-4.62010777041261470454e-04	 2.95335421655815014342e-06	-1.40593650031459974515e-04	 6.90111441843914300356e-05	-1.60911155321608159751e-05	-1.72802520055037860808e-03	 4.17607250608769388031e-05	 9.21285071606484447140e-06	 1.99464830612189095399e-05	 2.74996503614026330210e-05	 3.49221775833503773824e-05	 3.56479913547920457522e-05	 3.85996385617783522703e-05	 4.56883451374486164519e-05	 4.44487688006517264955e-05	 4.98090543629932502715e-05	 5.54734160877137991706e-05	 5.89099073694189821282e-05	 7.52001239084975421807e-05	-4.68107610529965026337e-05	
 7.35368940631198525536e-05	-5.53612087151654258706e-04	 4.21548312900615519688e-06	-1.69048416848878397872e-04	 8.13900438590903961772e-05	-1.85393558962940839118e-05	-2.16869449151318094068e-03	 4.96820857653778688470e-05	 1.08242838092833866157e-05	 2.21197533516621496234e-05	 3.04927187462174726425e-05	 3.94031526659191540653e-05	 3.85996385617783522703e-05	 4.55268294767641819483e-05	 5.09672896238447587143e-05	 5.18485869412036701242e-05	 5.60717121175848155898e-05	 6.36030215318053446976e-05	 6.76469298635634902050e-05	 8.63581923193623419814e-05	-5.36477592457306609662e-05	
 8.94919761379250352064e-05	-6.52307803463026444728e-04	 4.64523875680987233228e-06	-1.96470804938002666616e-04	 9.42892920983732444728e-05	-2.16073245056358109360e-05	-2.49798321398000868626e-03	 5.15173033373531757441e-05	 1.26947344133783484232e-05	 2.57736192104193406424e-05	 3.55747529664287589178e-05	 4.59565100561394737156e-05	 4.56883451374486164519e-05	 5.09672896238447587143e-05	 6.08141942673500881058e-05	 5.85078449012817986366e-05	 6.57216178433501065168e-05	 7.41495964085839211633e-05	 7.86093215184633753272e-05	 9.04032303778142052719e-05	-5.54341309715532148581e-05	
 9.71576803977948055130e-05	-6.80703347092903089145e-04	 4.74351127225929436579e-06	-2.03883799009976806379e-04	 9.62654440818629174130e-05	-2.16615094601990417855e-05	-2.59830009964172325976e-03	 4.99923136322765675026e-05	 1.30930372462278997740e-05	 2.51930927798268350164e-05	 3.45896961231146338471e-05	 4.52519480448907378918e-05	 4.44487688006517264955e-05	 5.18485869412036701242e-05	 5.85078449012817986366e-05	 6.16286311812572982485e-05	 6.45108010833239745594e-05	 7.48866664070013600841e-05	 7.88241379399827354858e-05	 6.19755668134174388193e-05	-4.00563280765335480394e-05	
 1.06486447396440380439e-04	-7.50000837837274292492e-04	 3.63078690018852957594e-06	-2.29063036990016625789e-04	 1.07484679462874354477e-04	-2.39844789237646051675e-05	-2.81168797854491545052e-03	 5.35041812375676523942e-05	 1.42583239369468887470e-05	 2.78339661787381127136e-05	 3.89202453219224782182e-05	 4.95874805607062643198e-05	 4.98090543629932502715e-05	 5.60717121175848155898e-05	 6.57216178433501065168e-05	 6.45108010833239745594e-05	 7.51854082327842664860e-05	 8.13329299240636154371e-05	 8.77839623799558065043e-05	 1.31451098425376016257e-04	-8.22501029675793484145e-05	
 1.28458088053259205426e-04	-8.67673948955053329392e-04	 6.74491369603508592907e-06	-2.56526233082530574596e-04	 1.20060849075481919628e-04	-2.62537701557910605301e-05	-3.35693138736767142383e-03	 4.20664277729607103437e-05	 1.61038658178426140560e-05	 3.10349590235935789508e-05	 4.25523015449350808410e-05	 5.66286701292272970322e-05	 5.54734160877137991706e-05	 6.36030215318053446976e-05	 7.41495964085839211633e-05	 7.48866664070013600841e-05	 8.13329299240636154371e-05	 9.50781611175577720139e-05	 9.87259682917929659758e-05	 8.26799089305115978777e-05	-5.04228941095515397733e-05	
 1.50878357596865680630e-04	-9.80889074147109222071e-04	 7.04953328213503339921e-06	-2.71951611041694062045e-04	 1.28289495500958695452e-04	-2.97941744951863832821e-05	-3.50828747472645878849e-03	 6.55008974595928808796e-05	 1.85919482482276218207e-05	 3.28773768080548346184e-05	 4.55299855186838084995e-05	 5.92486310489834735343e-05	 5.89099073694189821282e-05	 6.76469298635634902050e-05	 7.86093215184633753272e-05	 7.88241379399827354858e-05	 8.77839623799558065043e-05	 9.87259682917929659758e-05	 1.07821727777748720373e-04	 9.01860848550459839055e-05	-5.75372678904753886422e-05	
-2.37085454466009988355e-04	 2.86530897088563979175e-04	-4.50334599457448891621e-05	-4.33323057548076328443e-05	 8.15874006753705303605e-05	-1.51358105944576469152e-05	 4.81329274881773117728e-03	 1.36379540696527728994e-04	-4.62751860791671708112e-06	 4.91021270194659411983e-05	 5.77753696669988905574e-05	 9.33627027627364640449e-05	 7.52001239084975421807e-05	 8.63581923193623419814e-05	 9.04032303778142052719e-05	 6.19755668134174388193e-05	 1.31451098425376016257e-04	 8.26799089305115978777e-05	 9.01860848550459839055e-05	 1.00569322976400855191e-02	-6.08138331266536505404e-03	
 5.61021299421949630926e-05	 1.05421227653936926691e-04	 2.90534094938559462468e-05	 2.28132065460475585593e-05	-4.45156923514852215598e-05	 2.09992289165136948982e-05	-3.31602342847891464958e-03	-1.60216769051468339987e-04	-7.90835115345570849560e-06	-3.28405233911760658684e-05	-3.69972636845405770684e-05	-5.47116563584238072937e-05	-4.68107610529965026337e-05	-5.36477592457306609662e-05	-5.54341309715532148581e-05	-4.00563280765335480394e-05	-8.22501029675793484145e-05	-5.04228941095515397733e-05	-5.75372678904753886422e-05	-6.08138331266536505404e-03	 3.77418101164748130694e-03	
