#          Omega_b,                h,              n_s,           sigma8,       N_eff_camb,        m_nu_camb,     Omega_m_camb,              aIA,            etaIA
 2.96503183715529623441e+05	-6.91846267911591276061e+04	-9.42773581659388437402e+04	-5.13651938559072033968e+05	 2.36949272582619005334e+03	-8.89097740768915718945e+03	-7.56706221166122239083e+05	 1.58916149077260115519e+03	 1.91449390937845691951e+03	
-6.91846267911591276061e+04	 1.67891996070534551109e+04	 2.46611653441127637052e+04	 1.19707892768452598830e+05	-5.55843640358656898570e+02	 2.04738497250590717158e+03	 1.77098305818419146817e+05	-3.79291830992974610126e+02	-4.51522374130829405203e+02	
-9.42773581659388437402e+04	 2.46611653441127637052e+04	 4.23408460468028570176e+04	 1.55522678782461967785e+05	-7.61187283668013833449e+02	 2.35446482190488404740e+03	 2.36809045987007208169e+05	-5.63133507684017558859e+02	-6.52107691663576815699e+02	
-5.13651938559072033968e+05	 1.19707892768452598830e+05	 1.55522678782461967785e+05	 2.01562921989720291458e+06	-3.66935191427305699108e+03	 5.03310342518421675777e+04	 2.69554261475665308535e+06	-1.60232772606753246691e+03	-1.43453568747204371903e+03	
 2.36949272582619005334e+03	-5.55843640358656898570e+02	-7.61187283668013833449e+02	-3.66935191427305699108e+03	 1.92230469713244893626e+01	-5.84961191736089958226e+01	-5.51428090980904744356e+03	 1.31932452072970178847e+01	 1.60953274550109526331e+01	
-8.89097740768915718945e+03	 2.04738497250590717158e+03	 2.35446482190488404740e+03	 5.03310342518421675777e+04	-5.84961191736089958226e+01	 1.38064670503278921387e+03	 6.51596902354894700693e+04	-1.28498697285336369589e+01	-1.71941436488499999058e+00	
-7.56706221166122239083e+05	 1.77098305818419146817e+05	 2.36809045987007208169e+05	 2.69554261475665308535e+06	-5.51428090980904744356e+03	 6.51596902354894700693e+04	 3.67717097826887248084e+06	-2.91227617176874628058e+03	-2.79437737481987278443e+03	
 1.58916149077260115519e+03	-3.79291830992974610126e+02	-5.63133507684017558859e+02	-1.60232772606753246691e+03	 1.31932452072970178847e+01	-1.28498697285336369589e+01	-2.91227617176874628058e+03	 7.67065140082377752151e+01	 1.08924001927744683371e+02	
 1.91449390937845691951e+03	-4.51522374130829405203e+02	-6.52107691663576815699e+02	-1.43453568747204371903e+03	 1.60953274550109526331e+01	-1.71941436488499999058e+00	-2.79437737481987278443e+03	 1.08924001927744683371e+02	 1.58805237820785151825e+02	
