#          Omega_b,                h,              n_s,           sigma8,       N_eff_camb,        m_nu_camb,     Omega_m_camb,          P_shot0,          P_shot1,          P_shot2,          P_shot3,      lnbsigma8_0,      lnbsigma8_1,      lnbsigma8_2,      lnbsigma8_3
 3.46937751733235828578e+06	-2.32473467799998307601e+06	-7.00215038145501515828e+05	 2.92332894183637690730e+05	 2.87814551627540495247e+04	 7.01461184240239381324e+04	-5.26673218442694400437e+05	 6.66120320569535451227e+00	 7.13231336641506885599e+00	 6.89919192366340894296e+00	 8.38361852241849092593e+00	 2.89477501351947081275e+05	 3.17295361902208998799e+05	 3.16102698581301840022e+05	 4.00027765508479729760e+05	
-2.32473467799998307601e+06	 4.52217171164137218148e+06	 6.76086996526817441918e+05	-6.48180294848869321868e+05	-2.02725432752096749027e+04	-4.16078121522016444942e+04	-4.63690995286274701357e+05	-2.30938544805695222806e+01	-2.34540392014943250842e+01	-2.13178095628580557275e+01	-2.33091936513661970309e+01	-6.17107240309506421909e+05	-6.45832170847960514948e+05	-6.03761483151053078473e+05	-6.78022653408876620233e+05	
-7.00215038145501515828e+05	 6.76086996526817441918e+05	 2.02994480089085613145e+05	-9.95111274215150478994e+04	-6.27332626880979933048e+03	-1.87420171480650024023e+04	 7.57400087358077580575e+04	-2.53322532388473575793e+00	-2.65713535764858121979e+00	-2.52655153150339373269e+00	-3.00468081487832439080e+00	-9.87861866835828986950e+04	-1.06841678112994661205e+05	-1.04733425422458007233e+05	-1.28802164806820772355e+05	
 2.92332894183637690730e+05	-6.48180294848869321868e+05	-9.95111274215150478994e+04	 1.32476621975709800608e+05	 2.57721575097940603882e+03	 7.47362848047741317714e+03	 6.91659583529771680332e+03	 2.82236461845810637783e+00	 2.80290715451172989248e+00	 2.50795508331126670853e+00	 2.74263693780828754498e+00	 8.06784335100227617659e+04	 8.24568364567180105951e+04	 7.58121599235649482580e+04	 8.51613828126148728188e+04	
 2.87814551627540495247e+04	-2.02725432752096749027e+04	-6.27332626880979933048e+03	 2.57721575097940603882e+03	 2.59218666706169472036e+02	 6.12578090579757372325e+02	-4.42870553790781195858e+03	 5.36873819186299838790e-02	 5.71070542122342206248e-02	 5.52639316404223424062e-02	 6.79609512287111805495e-02	 2.49453253468811817584e+03	 2.72524382565054338556e+03	 2.71410326908669139812e+03	 3.44850842085131625936e+03	
 7.01461184240239381324e+04	-4.16078121522016444942e+04	-1.87420171480650024023e+04	 7.47362848047741317714e+03	 6.12578090579757372325e+02	 2.10068176437970805637e+03	-1.82492910161772160791e+04	 9.40971005147330230578e-02	 9.75020587806982308443e-02	 9.44835373535042044590e-02	 1.22389352838842307980e-01	 6.22864484818813434686e+03	 6.64449186942650612764e+03	 6.54041211591532737657e+03	 8.38800581994492313243e+03	
-5.26673218442694400437e+05	-4.63690995286274701357e+05	 7.57400087358077580575e+04	 6.91659583529771680332e+03	-4.42870553790781195858e+03	-1.82492910161772160791e+04	 4.88230896751509106252e+05	 4.62951781104820803137e+00	 5.28648850554549909475e+00	 5.19639394024264245076e+00	 5.93178271373277343770e+00	 6.75371488846514839679e+04	 8.60546060324255959131e+04	 8.90925938189862354193e+04	 9.95296328525955905207e+04	
 6.66120320569535451227e+00	-2.30938544805695222806e+01	-2.53322532388473575793e+00	 2.82236461845810637783e+00	 5.36873819186299838790e-02	 9.40971005147330230578e-02	 4.62951781104820803137e+00	 5.89885445536924147951e-04	0.00000000000000000000e+00	-1.73377056391114600653e-20	0.00000000000000000000e+00	 1.39606249984373373962e+01	0.00000000000000000000e+00	0.00000000000000000000e+00	0.00000000000000000000e+00	
 7.13231336641506885599e+00	-2.34540392014943250842e+01	-2.65713535764858121979e+00	 2.80290715451172989248e+00	 5.71070542122342206248e-02	 9.75020587806982308443e-02	 5.28648850554549909475e+00	0.00000000000000000000e+00	 5.92906816736649589124e-04	0.00000000000000000000e+00	0.00000000000000000000e+00	0.00000000000000000000e+00	 1.44152080273826470602e+01	0.00000000000000000000e+00	0.00000000000000000000e+00	
 6.89919192366340894296e+00	-2.13178095628580557275e+01	-2.52655153150339373269e+00	 2.50795508331126670853e+00	 5.52639316404223424062e-02	 9.44835373535042044590e-02	 5.19639394024264245076e+00	-1.73377056391114600653e-20	0.00000000000000000000e+00	 5.35784188492468681914e-04	 1.73509405289123085081e-20	0.00000000000000000000e+00	0.00000000000000000000e+00	 1.33152670599989519928e+01	0.00000000000000000000e+00	
 8.38361852241849092593e+00	-2.33091936513661970309e+01	-3.00468081487832439080e+00	 2.74263693780828754498e+00	 6.79609512287111805495e-02	 1.22389352838842307980e-01	 5.93178271373277343770e+00	0.00000000000000000000e+00	0.00000000000000000000e+00	 1.73509405289123085081e-20	 5.89215403850966152992e-04	0.00000000000000000000e+00	0.00000000000000000000e+00	0.00000000000000000000e+00	 1.48162757531294850821e+01	
 2.89477501351947081275e+05	-6.17107240309506421909e+05	-9.87861866835828986950e+04	 8.06784335100227617659e+04	 2.49453253468811817584e+03	 6.22864484818813434686e+03	 6.75371488846514839679e+04	 1.39606249984373373962e+01	0.00000000000000000000e+00	0.00000000000000000000e+00	0.00000000000000000000e+00	 3.80704503914393775631e+05	-1.23350218927953392267e-11	0.00000000000000000000e+00	0.00000000000000000000e+00	
 3.17295361902208998799e+05	-6.45832170847960514948e+05	-1.06841678112994661205e+05	 8.24568364567180105951e+04	 2.72524382565054338556e+03	 6.64449186942650612764e+03	 8.60546060324255959131e+04	0.00000000000000000000e+00	 1.44152080273826470602e+01	0.00000000000000000000e+00	0.00000000000000000000e+00	-1.23350218927953392267e-11	 4.04969771476573660038e+05	0.00000000000000000000e+00	0.00000000000000000000e+00	
 3.16102698581301840022e+05	-6.03761483151053078473e+05	-1.04733425422458007233e+05	 7.58121599235649482580e+04	 2.71410326908669139812e+03	 6.54041211591532737657e+03	 8.90925938189862354193e+04	0.00000000000000000000e+00	0.00000000000000000000e+00	 1.33152670599989519928e+01	0.00000000000000000000e+00	0.00000000000000000000e+00	0.00000000000000000000e+00	 3.84522950810834707227e+05	0.00000000000000000000e+00	
 4.00027765508479729760e+05	-6.78022653408876620233e+05	-1.28802164806820772355e+05	 8.51613828126148728188e+04	 3.44850842085131625936e+03	 8.38800581994492313243e+03	 9.95296328525955905207e+04	0.00000000000000000000e+00	0.00000000000000000000e+00	0.00000000000000000000e+00	 1.48162757531294850821e+01	0.00000000000000000000e+00	0.00000000000000000000e+00	0.00000000000000000000e+00	 4.38974109941219852772e+05	
