#           w0_fld,           wa_fld,          Omega_b,                h,              n_s,           sigma8,     Omega_m_camb,          P_shot0,          P_shot1,          P_shot2,          P_shot3,      lnbsigma8_0,      lnbsigma8_1,      lnbsigma8_2,      lnbsigma8_3
 7.68400256446389976190e+04	 1.82312896848665113794e+04	 1.71953130513956748473e+04	-8.87935952121942769736e+05	-3.60901139834862187854e+04	 9.40441012266693869606e+04	 3.18814446452453965321e+05	 1.25503604764799820970e+01	 1.25067246449297684308e+01	 1.03850515054955963024e+01	 9.29464173912377944475e+00	 1.44796466538632404990e+05	 1.47833511110203107819e+05	 1.29227050088782270905e+05	 1.27429895417816209374e+05	
 1.82312896848665113794e+04	 4.77026559516870747757e+03	 7.57904794194630721904e+03	-1.75181156629433738999e+05	-9.11836017120377255196e+03	 1.38964013191198591812e+04	 8.05515805235642474145e+04	 2.40067659853872861220e+00	 2.64515649054873058788e+00	 2.36314153240940250100e+00	 2.25630347980662282481e+00	 3.03079245372751247487e+04	 3.35272978066386567662e+04	 3.10096550300403905567e+04	 3.20659304446863025078e+04	
 1.71953130513956748473e+04	 7.57904794194630721904e+03	 5.39172364579278789461e+06	 1.71547780968322278932e+06	-1.12892825814058678225e+06	-1.13277256381031314959e+05	-2.44440403773299045861e+06	-9.87568547524241466817e+01	-8.72461192358277628500e+01	-6.45556459799033746094e+01	-4.83878711053074965776e+01	-3.26345179889768944122e+05	-2.60367637092654767912e+05	-1.39910197375474206638e+05	 2.69352772861869561893e+04	
-8.87935952121942769736e+05	-1.75181156629433738999e+05	 1.71547780968322278932e+06	 1.82488334173155874014e+07	-4.47501329157842788845e+05	-2.07394203665090352297e+06	-5.75755349514970183372e+06	-3.15650995933981960206e+02	-2.81737162068713530516e+02	-2.14591519580017404678e+02	-1.75524156792781326430e+02	-2.41745448868931271136e+06	-2.32303107869044505060e+06	-1.92511609894051612355e+06	-1.76756931425047526136e+06	
-3.60901139834862187854e+04	-9.11836017120377255196e+03	-1.12892825814058678225e+06	-4.47501329157842788845e+05	 3.32791605262096796650e+05	 3.57309525630361486037e+03	 5.81582110333367250860e+05	 2.77736100237498249044e+01	 2.43866868544983645961e+01	 1.78136052426881690280e+01	 1.29304717835316971275e+01	 6.24976157216427818639e+04	 4.29502817388175317319e+04	 1.16810970198591912776e+04	-3.63628502288217059686e+04	
 9.40441012266693869606e+04	 1.38964013191198591812e+04	-1.13277256381031314959e+05	-2.07394203665090352297e+06	 3.57309525630361486037e+03	 3.10640237631489406340e+05	 4.38180309463372104801e+05	 2.98217400214364261046e+01	 2.61071205210354690962e+01	 1.96272907386428059340e+01	 1.60847748257668143879e+01	 2.42519286820228560828e+05	 2.30126946435138059314e+05	 1.90236766592393163592e+05	 1.78519638563665794209e+05	
 3.18814446452453965321e+05	 8.05515805235642474145e+04	-2.44440403773299045861e+06	-5.75755349514970183372e+06	 5.81582110333367250860e+05	 4.38180309463372104801e+05	 3.29576680338081391528e+06	 1.27477624317105707519e+02	 1.19800337954273032892e+02	 9.57180752142721189557e+01	 8.18883757998420946933e+01	 8.94788224135172902606e+05	 8.95599559061236563139e+05	 7.56475004953209776431e+05	 6.77975936834308784455e+05	
 1.25503604764799820970e+01	 2.40067659853872861220e+00	-9.87568547524241466817e+01	-3.15650995933981960206e+02	 2.77736100237498249044e+01	 2.98217400214364261046e+01	 1.27477624317105707519e+02	 2.40253858038245275697e-02	0.00000000000000000000e+00	0.00000000000000000000e+00	0.00000000000000000000e+00	 1.43405605590441069808e+02	0.00000000000000000000e+00	0.00000000000000000000e+00	0.00000000000000000000e+00	
 1.25067246449297684308e+01	 2.64515649054873058788e+00	-8.72461192358277628500e+01	-2.81737162068713530516e+02	 2.43866868544983645961e+01	 2.61071205210354690962e+01	 1.19800337954273032892e+02	0.00000000000000000000e+00	 2.09889016671379012580e-02	0.00000000000000000000e+00	0.00000000000000000000e+00	0.00000000000000000000e+00	 1.32848097127448795618e+02	0.00000000000000000000e+00	0.00000000000000000000e+00	
 1.03850515054955963024e+01	 2.36314153240940250100e+00	-6.45556459799033746094e+01	-2.14591519580017404678e+02	 1.78136052426881690280e+01	 1.96272907386428059340e+01	 9.57180752142721189557e+01	0.00000000000000000000e+00	0.00000000000000000000e+00	 1.56551251893249296354e-02	0.00000000000000000000e+00	0.00000000000000000000e+00	0.00000000000000000000e+00	 1.05244616548117306820e+02	0.00000000000000000000e+00	
 9.29464173912377944475e+00	 2.25630347980662282481e+00	-4.83878711053074965776e+01	-1.75524156792781326430e+02	 1.29304717835316971275e+01	 1.60847748257668143879e+01	 8.18883757998420946933e+01	0.00000000000000000000e+00	0.00000000000000000000e+00	0.00000000000000000000e+00	 1.25724464034881831115e-02	0.00000000000000000000e+00	0.00000000000000000000e+00	0.00000000000000000000e+00	 9.03857683125978326188e+01	
 1.44796466538632404990e+05	 3.03079245372751247487e+04	-3.26345179889768944122e+05	-2.41745448868931271136e+06	 6.24976157216427818639e+04	 2.42519286820228560828e+05	 8.94788224135172902606e+05	 1.43405605590441069808e+02	0.00000000000000000000e+00	0.00000000000000000000e+00	0.00000000000000000000e+00	 1.27197154501207568683e+06	0.00000000000000000000e+00	0.00000000000000000000e+00	0.00000000000000000000e+00	
 1.47833511110203107819e+05	 3.35272978066386567662e+04	-2.60367637092654767912e+05	-2.32303107869044505060e+06	 4.29502817388175317319e+04	 2.30126946435138059314e+05	 8.95599559061236563139e+05	0.00000000000000000000e+00	 1.32848097127448795618e+02	0.00000000000000000000e+00	0.00000000000000000000e+00	0.00000000000000000000e+00	 1.25668440849609230645e+06	0.00000000000000000000e+00	0.00000000000000000000e+00	
 1.29227050088782270905e+05	 3.10096550300403905567e+04	-1.39910197375474206638e+05	-1.92511609894051612355e+06	 1.16810970198591912776e+04	 1.90236766592393163592e+05	 7.56475004953209776431e+05	0.00000000000000000000e+00	0.00000000000000000000e+00	 1.05244616548117306820e+02	0.00000000000000000000e+00	0.00000000000000000000e+00	0.00000000000000000000e+00	 1.07316401578050851822e+06	0.00000000000000000000e+00	
 1.27429895417816209374e+05	 3.20659304446863025078e+04	 2.69352772861869561893e+04	-1.76756931425047526136e+06	-3.63628502288217059686e+04	 1.78519638563665794209e+05	 6.77975936834308784455e+05	0.00000000000000000000e+00	0.00000000000000000000e+00	0.00000000000000000000e+00	 9.03857683125978326188e+01	0.00000000000000000000e+00	0.00000000000000000000e+00	0.00000000000000000000e+00	 1.02420398890888551250e+06	
