#          Omega_b,                h,              n_s,           sigma8,       N_eff_camb,        m_nu_camb,     Omega_m_camb,           bias_1,           bias_2,           bias_3,           bias_4,           bias_5,           bias_6,           bias_7,           bias_8,           bias_9,          bias_10,              aIA,            etaIA
 6.61497528721283483029e-06	 1.68327918671072295485e-05	-3.60272598092554786908e-06	 2.10228319103061265440e-07	-4.09540714690399538893e-04	-6.74142454788139257516e-06	 9.31154990995429750484e-08	 4.09201668284709373333e-07	 3.48340314626604727932e-07	 1.72627855740897633600e-07	 2.38512356553601894025e-07	 4.22392802718772424748e-07	 7.54760648087615511308e-08	 1.20992794699310716308e-07	 5.50000109650747170052e-08	-3.24897004748761654256e-09	 3.02870532713068263484e-07	-8.14528083573969545784e-07	-1.14031631884559364684e-06	
 1.68327918671072295485e-05	 2.87790972864907239510e-04	-6.51373509260184789136e-05	 4.97380193629054030547e-07	 3.31849532230217830059e-03	-4.31829960273584582400e-05	-1.20996728360127826756e-06	-9.24172261310466737368e-07	-2.80960247070484663392e-06	-3.09592902442164253485e-06	-5.30449472893837118927e-06	-5.63079541980640919555e-06	-9.55734637627208778504e-06	-9.16867899547059808131e-06	-1.49601982320644565365e-05	-1.40186779872151387564e-05	-1.67462187803942512800e-05	 4.58323737008537779086e-06	-7.81437729152679518582e-06	
-3.60272598092554786908e-06	-6.51373509260184789136e-05	 1.85038456692111536080e-05	-1.10861847550024903996e-06	-6.97318715907089734483e-04	 3.78374161332138830307e-05	 1.27606512516902003997e-07	-1.26848383109506336862e-07	 8.36241583346021218340e-07	 1.11142106724043828424e-06	 1.68680741403921539310e-06	 1.93454281932369561835e-06	 2.72825898068417991023e-06	 2.85366049661791916124e-06	 4.11845876172712468656e-06	 4.21940294700018591706e-06	 4.60988411265863637936e-06	 5.06759759994436895173e-07	 3.04423818576234101612e-06	
 2.10228319103061265440e-07	 4.97380193629054030547e-07	-1.10861847550024903996e-06	 2.49348967270007076946e-06	-3.17593507380040803535e-06	-3.47820283932517051702e-05	-1.09032933331381634898e-06	-2.55789563326098592816e-06	-3.02610405863006019220e-06	-3.10844184074269491038e-06	-2.98203598815254437846e-06	-3.06377001259056858448e-06	-2.86196291596577015692e-06	-2.91654898185470501089e-06	-2.69704187693596763941e-06	-2.52314976870120155156e-06	-2.29218096656277635199e-06	-7.82428315573802169025e-07	 1.66198415075156029325e-06	
-4.09540714690399538893e-04	 3.31849532230217830059e-03	-6.97318715907089734483e-04	-3.17593507380040803535e-06	 1.10655954028224409735e-01	-4.75442092090784507695e-04	-2.33337334843797754953e-05	-5.43847228871301670490e-05	-7.36042558054500055701e-05	-4.19816785359931838933e-05	-9.30270728938446491612e-05	-1.19186673269041395855e-04	-1.25967552954557706962e-04	-1.35119652557231671643e-04	-2.12597283275908858222e-04	-1.86133164104975947677e-04	-2.70331450848924881823e-04	-1.50927098455614700683e-04	 9.99023415523965475308e-05	
-6.74142454788139257516e-06	-4.31829960273584582400e-05	 3.78374161332138830307e-05	-3.47820283932517051702e-05	-4.75442092090784507695e-04	 8.92867721533055079715e-04	 7.17334979475260443898e-06	 1.64015451854631139007e-05	 2.22557258662280549625e-05	 2.13605767008628274247e-05	 1.88049464642367111214e-05	 2.21306368576919078642e-05	 1.26984466225245075491e-05	 1.68670006781639929467e-05	 1.11953489113995660457e-05	 1.08667870142511753252e-05	 3.72698738523873489980e-06	-2.18038222313292410744e-05	 4.79172260083717013279e-05	
 9.31154990995429750484e-08	-1.20996728360127826756e-06	 1.27606512516902003997e-07	-1.09032933331381634898e-06	-2.33337334843797754953e-05	 7.17334979475260443898e-06	 8.14852197658745407476e-07	 1.73118126803718079079e-06	 1.89359237434861741316e-06	 1.94805005495910124361e-06	 1.87332755405911922169e-06	 1.85337366594437057124e-06	 1.96390103778513242088e-06	 1.82620220629144131556e-06	 1.86986591080815232256e-06	 1.67887906700368132399e-06	 1.65498009498240875445e-06	-8.87372943679385188124e-07	-1.74011586848227370671e-06	
 4.09201668284709373333e-07	-9.24172261310466737368e-07	-1.26848383109506336862e-07	-2.55789563326098592816e-06	-5.43847228871301670490e-05	 1.64015451854631139007e-05	 1.73118126803718079079e-06	 4.23472034629188690729e-06	 4.31900128966880745375e-06	 4.53667712540078638730e-06	 4.34724260252655530303e-06	 4.35049323280413847027e-06	 4.49197090634096597868e-06	 4.28512301215922514723e-06	 4.25404824980218790667e-06	 3.88285327750802785571e-06	 3.85410696358194300898e-06	 7.84090009488357383302e-07	-5.42923844335424299535e-06	
 3.48340314626604727932e-07	-2.80960247070484663392e-06	 8.36241583346021218340e-07	-3.02610405863006019220e-06	-7.36042558054500055701e-05	 2.22557258662280549625e-05	 1.89359237434861741316e-06	 4.31900128966880745375e-06	 5.52027447233656011851e-06	 4.93839086552610340597e-06	 5.18022053124601903972e-06	 4.96280158197583602062e-06	 5.26151517471922894093e-06	 5.03097250047132848609e-06	 5.04777755160514634799e-06	 4.65576853864616032447e-06	 4.64350164708433084669e-06	 3.81755711537840102063e-06	-6.80188306634281310894e-06	
 1.72627855740897633600e-07	-3.09592902442164253485e-06	 1.11142106724043828424e-06	-3.10844184074269491038e-06	-4.19816785359931838933e-05	 2.13605767008628274247e-05	 1.94805005495910124361e-06	 4.53667712540078638730e-06	 4.93839086552610340597e-06	 6.48377423108058998231e-06	 4.80693819159799660994e-06	 5.52823693838699052632e-06	 5.41972297390865816673e-06	 5.36752083926923594337e-06	 5.50361763701655657820e-06	 4.92687268524890753085e-06	 4.99167061050965877689e-06	 9.91415214420301212021e-07	-4.52742808383904073215e-06	
 2.38512356553601894025e-07	-5.30449472893837118927e-06	 1.68680741403921539310e-06	-2.98203598815254437846e-06	-9.30270728938446491612e-05	 1.88049464642367111214e-05	 1.87332755405911922169e-06	 4.34724260252655530303e-06	 5.18022053124601903972e-06	 4.80693819159799660994e-06	 6.72942733521823131706e-06	 4.57501160776077333100e-06	 5.81260909367304126199e-06	 5.22464853271127495062e-06	 5.46545583903061602514e-06	 5.10291748367089656013e-06	 5.07146894547870232515e-06	 4.06356876215134818405e-06	-6.93157813956732683916e-06	
 4.22392802718772424748e-07	-5.63079541980640919555e-06	 1.93454281932369561835e-06	-3.06377001259056858448e-06	-1.19186673269041395855e-04	 2.21306368576919078642e-05	 1.85337366594437057124e-06	 4.35049323280413847027e-06	 4.96280158197583602062e-06	 5.52823693838699052632e-06	 4.57501160776077333100e-06	 7.08556214943643816723e-06	 4.71615490784931893758e-06	 5.67839263480268048871e-06	 5.28727885246718284082e-06	 5.12680670745560257119e-06	 5.14538858361609331905e-06	 3.95965598477134289574e-06	-5.93128994401199590954e-06	
 7.54760648087615511308e-08	-9.55734637627208778504e-06	 2.72825898068417991023e-06	-2.86196291596577015692e-06	-1.25967552954557706962e-04	 1.26984466225245075491e-05	 1.96390103778513242088e-06	 4.49197090634096597868e-06	 5.26151517471922894093e-06	 5.41972297390865816673e-06	 5.81260909367304126199e-06	 4.71615490784931893758e-06	 8.04101941616582521549e-06	 4.74548614190718345227e-06	 6.47603887821901574005e-06	 5.56610506199432646530e-06	 5.80659511965497097697e-06	 6.22529912736291575476e-06	-8.44796859478322219425e-06	
 1.20992794699310716308e-07	-9.16867899547059808131e-06	 2.85366049661791916124e-06	-2.91654898185470501089e-06	-1.35119652557231671643e-04	 1.68670006781639929467e-05	 1.82620220629144131556e-06	 4.28512301215922514723e-06	 5.03097250047132848609e-06	 5.36752083926923594337e-06	 5.22464853271127495062e-06	 5.67839263480268048871e-06	 4.74548614190718345227e-06	 8.35473672665259764860e-06	 4.81014416045936630330e-06	 5.71587974612124915906e-06	 5.62910174681673903353e-06	 1.51232945437901528975e-05	-1.33257982732946704226e-05	
 5.50000109650747170052e-08	-1.49601982320644565365e-05	 4.11845876172712468656e-06	-2.69704187693596763941e-06	-2.12597283275908858222e-04	 1.11953489113995660457e-05	 1.86986591080815232256e-06	 4.25404824980218790667e-06	 5.04777755160514634799e-06	 5.50361763701655657820e-06	 5.46545583903061602514e-06	 5.28727885246718284082e-06	 6.47603887821901574005e-06	 4.81014416045936630330e-06	 8.32814446386834342012e-06	 5.33711299485017250067e-06	 6.23283364095817797997e-06	-7.95678321037190026470e-07	-3.75132235620531292512e-06	
-3.24897004748761654256e-09	-1.40186779872151387564e-05	 4.21940294700018591706e-06	-2.52314976870120155156e-06	-1.86133164104975947677e-04	 1.08667870142511753252e-05	 1.67887906700368132399e-06	 3.88285327750802785571e-06	 4.65576853864616032447e-06	 4.92687268524890753085e-06	 5.10291748367089656013e-06	 5.12680670745560257119e-06	 5.56610506199432646530e-06	 5.71587974612124915906e-06	 5.33711299485017250067e-06	 7.63381924942919701748e-06	 5.39736491593211833962e-06	 2.43529483158783175223e-06	-6.21486518376169269092e-06	
 3.02870532713068263484e-07	-1.67462187803942512800e-05	 4.60988411265863637936e-06	-2.29218096656277635199e-06	-2.70331450848924881823e-04	 3.72698738523873489980e-06	 1.65498009498240875445e-06	 3.85410696358194300898e-06	 4.64350164708433084669e-06	 4.99167061050965877689e-06	 5.07146894547870232515e-06	 5.14538858361609331905e-06	 5.80659511965497097697e-06	 5.62910174681673903353e-06	 6.23283364095817797997e-06	 5.39736491593211833962e-06	 8.64362280206530967860e-06	 3.87424784416376325315e-06	-5.31318548157784372409e-06	
-8.14528083573969545784e-07	 4.58323737008537779086e-06	 5.06759759994436895173e-07	-7.82428315573802169025e-07	-1.50927098455614700683e-04	-2.18038222313292410744e-05	-8.87372943679385188124e-07	 7.84090009488357383302e-07	 3.81755711537840102063e-06	 9.91415214420301212021e-07	 4.06356876215134818405e-06	 3.95965598477134289574e-06	 6.22529912736291575476e-06	 1.51232945437901528975e-05	-7.95678321037190026470e-07	 2.43529483158783175223e-06	 3.87424784416376325315e-06	 1.53776736402338430609e-02	-9.40557884947878716786e-03	
-1.14031631884559364684e-06	-7.81437729152679518582e-06	 3.04423818576234101612e-06	 1.66198415075156029325e-06	 9.99023415523965475308e-05	 4.79172260083717013279e-05	-1.74011586848227370671e-06	-5.42923844335424299535e-06	-6.80188306634281310894e-06	-4.52742808383904073215e-06	-6.93157813956732683916e-06	-5.93128994401199590954e-06	-8.44796859478322219425e-06	-1.33257982732946704226e-05	-3.75132235620531292512e-06	-6.21486518376169269092e-06	-5.31318548157784372409e-06	-9.40557884947878716786e-03	 5.90250937646528365393e-03	
