#           wa_fld,           w0_fld,          Omega_b,                h,              n_s,           sigma8,     Omega_m_camb,           bias_1,           bias_2,           bias_3,           bias_4,           bias_5,           bias_6,           bias_7,           bias_8,           bias_9,          bias_10,              aIA,            etaIA
 1.28405636262386920862e+05	 6.02054112429564818740e+05	-1.43135349044066760689e+06	 3.70292571976288105361e+05	 5.29884467973182210699e+05	 2.89180743525432236493e+06	 6.55927316519826883450e+05	 1.89909983640368329361e+05	 1.70773455789573024958e+05	 1.46187859511768096127e+05	 1.43576555604122986551e+05	 1.34014229770776582882e+05	 1.32605804587981838267e+05	 1.12393021458333634655e+05	 1.21468542810824990738e+05	 1.06609789507197740022e+05	 6.92863108035279146861e+04	 3.66905374760920210520e+02	 5.49380258758970740018e+02	
 6.02054112429564818740e+05	 2.89097960290989000350e+06	-6.68133695403175335377e+06	 1.72853986693271039985e+06	 2.49549732772386353463e+06	 1.38766901367054469883e+07	 2.58656351593632344157e+06	 1.18096814541209349409e+06	 9.74367777985558612272e+05	 7.76119087452415609732e+05	 7.19703390219478402287e+05	 6.37429010190173052251e+05	 6.00992257487082388252e+05	 4.87503300828038947657e+05	 5.04581295023129670881e+05	 4.22239087915956508368e+05	 2.59705950384342053439e+05	 1.06088623666933108325e+03	 1.45927074176392648042e+03	
-1.43135349044066760689e+06	-6.68133695403175335377e+06	 2.21365277943534329534e+07	-5.67615276207899954170e+06	-8.04945414956924784929e+06	-3.77280166764619722962e+07	-1.46969433605743609369e+07	-2.52046280674279341474e+06	-1.93079225607060594484e+06	-1.58716479259073035792e+06	-1.55430763738489104435e+06	-1.47363913751890556887e+06	-1.48619017755495011806e+06	-1.28255894581855204888e+06	-1.40202685192205896601e+06	-1.21732500528803607449e+06	-7.15432158770773326978e+05	 1.82292748501646883597e+02	-5.29184615668641981756e+02	
 3.70292571976288105361e+05	 1.72853986693271039985e+06	-5.67615276207899954170e+06	 1.45213968056509504095e+06	 2.10956854631812497973e+06	 9.76869957125909253955e+06	 3.83713135751503240317e+06	 6.74822088678422383964e+05	 5.01981412230825866573e+05	 4.08312332756057381630e+05	 3.98049245119066850748e+05	 3.76752001039972354192e+05	 3.79796317824193276465e+05	 3.27873736981487600133e+05	 3.58484614365358138457e+05	 3.10698621969655854627e+05	 1.81110299042323225876e+05	-4.95986123177550908281e+01	 1.48793105102807686535e+02	
 5.29884467973182210699e+05	 2.49549732772386353463e+06	-8.04945414956924784929e+06	 2.10956854631812497973e+06	 3.09991756721954559907e+06	 1.42840006858140937984e+07	 5.50855550683087017387e+06	 1.15167783700123336166e+06	 7.97215036931371549144e+05	 6.16738356848327675834e+05	 5.78021107861051335931e+05	 5.29533648579149856232e+05	 5.19141963376508443616e+05	 4.37811846904791542329e+05	 4.68202367872299451847e+05	 3.95331922008518537041e+05	 2.22310416081684641540e+05	-3.03008524405118123468e+02	-8.46365020062380040144e+01	
 2.89180743525432236493e+06	 1.38766901367054469883e+07	-3.77280166764619722962e+07	 9.76869957125909253955e+06	 1.42840006858140937984e+07	 7.87830649707105457783e+07	 2.54855331073583364487e+07	 5.91322747864166460931e+06	 5.03911062356277275831e+06	 3.98770959384845197201e+06	 3.65038444933924172074e+06	 3.19430674041863856837e+06	 2.97020625015538744628e+06	 2.37881729201689921319e+06	 2.43188043705517519265e+06	 2.00671948746248497628e+06	 1.21111403129434958100e+06	 4.06068673782169128117e+02	 1.85642973634994791610e+03	
 6.55927316519826883450e+05	 2.58656351593632344157e+06	-1.46969433605743609369e+07	 3.83713135751503240317e+06	 5.50855550683087017387e+06	 2.54855331073583364487e+07	 2.10036215324296168983e+07	-8.89231804431316209957e+05	 3.16405325469503644854e+05	 6.03037231186482589692e+05	 7.65189779231545981020e+05	 8.42301952894893125631e+05	 9.25254840782801155001e+05	 8.44304664295240072533e+05	 9.63185942965797847137e+05	 8.71236724017909495160e+05	 5.44054822623780579306e+05	 1.72050759664248034824e+04	 3.01129689172119760769e+04	
 1.89909983640368329361e+05	 1.18096814541209349409e+06	-2.52046280674279341474e+06	 6.74822088678422383964e+05	 1.15167783700123336166e+06	 5.91322747864166460931e+06	-8.89231804431316209957e+05	 3.58855466113792965189e+06	 3.64304687691232305951e+05	 7.70027637506591599958e+03	 2.92504295670845658606e+03	 5.27065548226250939479e+02	 1.55503135745002907697e+02	 6.64527251225443222893e+01	 3.15305842017577333536e+01	 2.91921974268942108210e+00	 4.83187923389721163403e+00	 8.33491157591209343991e+01	 4.80340746952049926222e+01	
 1.70773455789573024958e+05	 9.74367777985558612272e+05	-1.93079225607060594484e+06	 5.01981412230825866573e+05	 7.97215036931371549144e+05	 5.03911062356277275831e+06	 3.16405325469503644854e+05	 3.64304687691232305951e+05	 1.89223770727265067399e+06	 3.56704149136407009792e+05	 9.51480125159690578585e+03	 2.33129753531346432283e+03	 3.66565573492479074957e+02	 3.29470526380113710729e+01	 1.24259744388843422769e+01	 1.72612300171780930214e+00	 1.70361610862079260187e+00	-2.82237761655761190127e+01	-2.89409084623735566311e+01	
 1.46187859511768096127e+05	 7.76119087452415609732e+05	-1.58716479259073035792e+06	 4.08312332756057381630e+05	 6.16738356848327675834e+05	 3.98770959384845197201e+06	 6.03037231186482589692e+05	 7.70027637506591599958e+03	 3.56704149136407009792e+05	 1.15020787032035784796e+06	 3.41188457859435118735e+05	 8.96074807347460591700e+03	 2.02715953659340402737e+03	 2.73714374764463627798e+02	 2.99475042152234358639e+01	 6.01715964462130514789e+00	 7.32477371819072686776e-01	 2.14341653503422335802e+01	 2.08903800231946092936e+01	
 1.43576555604122986551e+05	 7.19703390219478402287e+05	-1.55430763738489104435e+06	 3.98049245119066850748e+05	 5.78021107861051335931e+05	 3.65038444933924172074e+06	 7.65189779231545981020e+05	 2.92504295670845658606e+03	 9.51480125159690578585e+03	 3.41188457859435118735e+05	 9.40676386815141304396e+05	 3.01393827555775700603e+05	 1.08272856594512850279e+04	 1.78080729722134628901e+03	 2.35646647710361548889e+02	 1.75683627828568589280e+01	 4.93104831006193577991e+00	 6.13867002929028426905e+00	 5.36965819984561676392e+00	
 1.34014229770776582882e+05	 6.37429010190173052251e+05	-1.47363913751890556887e+06	 3.76752001039972354192e+05	 5.29533648579149856232e+05	 3.19430674041863856837e+06	 8.42301952894893125631e+05	 5.27065548226250939479e+02	 2.33129753531346432283e+03	 8.96074807347460591700e+03	 3.01393827555775700603e+05	 7.56883704634703113697e+05	 2.67084224207097198814e+05	 8.54540453702813101700e+03	 1.63526389760564325115e+03	 1.29422563374165406458e+02	 1.06977930057654759821e+01	-6.58974496676773924264e+00	-1.79589406459609790545e+00	
 1.32605804587981838267e+05	 6.00992257487082388252e+05	-1.48619017755495011806e+06	 3.79796317824193276465e+05	 5.19141963376508443616e+05	 2.97020625015538744628e+06	 9.25254840782801155001e+05	 1.55503135745002907697e+02	 3.66565573492479074957e+02	 2.02715953659340402737e+03	 1.08272856594512850279e+04	 2.67084224207097198814e+05	 6.94622069778692093678e+05	 2.29878813603726739530e+05	 1.18185121227202143928e+04	 1.00563423161244440962e+03	 7.25730074511819793770e+01	 3.72705145956787333716e+01	 3.93903613340089009398e+01	
 1.12393021458333634655e+05	 4.87503300828038947657e+05	-1.28255894581855204888e+06	 3.27873736981487600133e+05	 4.37811846904791542329e+05	 2.37881729201689921319e+06	 8.44304664295240072533e+05	 6.64527251225443222893e+01	 3.29470526380113710729e+01	 2.73714374764463627798e+02	 1.78080729722134628901e+03	 8.54540453702813101700e+03	 2.29878813603726739530e+05	 5.15071205713590607047e+05	 1.95365820156994275749e+05	 4.88699271858270549274e+03	 3.69168852947966684042e+02	 3.92445767448268867383e+01	 4.66444155239093163345e+01	
 1.21468542810824990738e+05	 5.04581295023129670881e+05	-1.40202685192205896601e+06	 3.58484614365358138457e+05	 4.68202367872299451847e+05	 2.43188043705517519265e+06	 9.63185942965797847137e+05	 3.15305842017577333536e+01	 1.24259744388843422769e+01	 2.99475042152234358639e+01	 2.35646647710361548889e+02	 1.63526389760564325115e+03	 1.18185121227202143928e+04	 1.95365820156994275749e+05	 6.04657233091246802360e+05	 1.48771520947412878741e+05	 2.72546368016607993923e+03	 5.55733995224801589075e+01	 8.32143867971053055044e+01	
 1.06609789507197740022e+05	 4.22239087915956508368e+05	-1.21732500528803607449e+06	 3.10698621969655854627e+05	 3.95331922008518537041e+05	 2.00671948746248497628e+06	 8.71236724017909495160e+05	 2.91921974268942108210e+00	 1.72612300171780930214e+00	 6.01715964462130514789e+00	 1.75683627828568589280e+01	 1.29422563374165406458e+02	 1.00563423161244440962e+03	 4.88699271858270549274e+03	 1.48771520947412878741e+05	 5.62195204991005128250e+05	 7.39823250218406028580e+04	-4.52141577851539224753e+01	-9.02875642590249469777e+01	
 6.92863108035279146861e+04	 2.59705950384342053439e+05	-7.15432158770773326978e+05	 1.81110299042323225876e+05	 2.22310416081684641540e+05	 1.21111403129434958100e+06	 5.44054822623780579306e+05	 4.83187923389721163403e+00	 1.70361610862079260187e+00	 7.32477371819072686776e-01	 4.93104831006193577991e+00	 1.06977930057654759821e+01	 7.25730074511819793770e+01	 3.69168852947966684042e+02	 2.72546368016607993923e+03	 7.39823250218406028580e+04	 3.91197664502596831881e+05	-2.53486125330150287027e+02	-4.43377027385006726945e+02	
 3.66905374760920210520e+02	 1.06088623666933108325e+03	 1.82292748501646883597e+02	-4.95986123177550908281e+01	-3.03008524405118123468e+02	 4.06068673782169128117e+02	 1.72050759664248034824e+04	 8.33491157591209343991e+01	-2.82237761655761190127e+01	 2.14341653503422335802e+01	 6.13867002929028426905e+00	-6.58974496676773924264e+00	 3.72705145956787333716e+01	 3.92445767448268867383e+01	 5.55733995224801589075e+01	-4.52141577851539224753e+01	-2.53486125330150287027e+02	 3.46381232763879552294e+03	 5.54220937504872017598e+03	
 5.49380258758970740018e+02	 1.45927074176392648042e+03	-5.29184615668641981756e+02	 1.48793105102807686535e+02	-8.46365020062380040144e+01	 1.85642973634994791610e+03	 3.01129689172119760769e+04	 4.80340746952049926222e+01	-2.89409084623735566311e+01	 2.08903800231946092936e+01	 5.36965819984561676392e+00	-1.79589406459609790545e+00	 3.93903613340089009398e+01	 4.66444155239093163345e+01	 8.32143867971053055044e+01	-9.02875642590249469777e+01	-4.43377027385006726945e+02	 5.54220937504872017598e+03	 9.05495152442698781670e+03	
