#          Omega_b,                h,              n_s,           sigma8,       N_eff_camb,        m_nu_camb,     Omega_m_camb,           bias_1,           bias_2,           bias_3,           bias_4,           bias_5,           bias_6,           bias_7,           bias_8,           bias_9,          bias_10,              aIA,            etaIA
 2.56700951629584329203e+06	-5.18678036514625011478e+05	-5.45859591306418413296e+05	-1.24107324068357888609e+06	 2.15725568869368507876e+04	-9.94319830765057122335e+03	-1.79465086307323630899e+06	-9.88019029543277865741e+04	-9.47185866702065104619e+04	-6.93487502516974927858e+04	-5.75447030191787052900e+04	-4.32096088173575117253e+04	-3.19505052970464530517e+04	-1.60496137525008343800e+04	-3.41474009469344582612e+03	 1.53473823681708490767e+04	 4.87858613995186751708e+04	 6.51862304729038669393e+02	 7.79080979850113635621e+02	
-5.18678036514625011478e+05	 1.14353595233221523813e+05	 1.28461965235905518057e+05	 2.07669180316149431746e+05	-4.50692077005914597976e+03	-3.96310630744712580054e+03	 4.26887394943842489738e+05	 1.46801088957577831025e+04	 1.60742555552599751536e+04	 1.09562837529746084329e+04	 8.28439244162524300918e+03	 5.18797447434617424733e+03	 2.31782136819014567664e+03	-8.82785912475518216525e+02	-4.74697405174907271430e+03	-1.00041302655766667158e+04	-1.64422328767715589493e+04	-1.41399063220392008589e+02	-1.58466829925637171073e+02	
-5.45859591306418413296e+05	 1.28461965235905518057e+05	 1.56253213949168741237e+05	 1.82781891381985129556e+05	-4.75007490866668740637e+03	-1.02586532631049485644e+04	 5.22426116136810975149e+05	 2.30945914901804280817e+04	 1.56011769069212932664e+04	 7.20292766003822362109e+03	 2.89920406647427944336e+03	-1.00104663139103536196e+03	-4.87166018887183236075e+03	-7.74513953124561703589e+03	-1.33842232203259154630e+04	-1.91970329064083416597e+04	-2.41549876727439987008e+04	-2.83920880405259481449e+02	-3.30038606136434736982e+02	
-1.24107324068357888609e+06	 2.07669180316149431746e+05	 1.82781891381985129556e+05	 7.09310688367498479784e+06	-1.05549960287637732108e+04	 3.94006460404617246240e+05	 2.64686424904344137758e+06	 5.43768290202686563134e+05	 4.11864775305305258371e+05	 3.10232950094101019204e+05	 2.81106336617696797475e+05	 2.50705925241810822627e+05	 2.44908891962781577604e+05	 2.11210092036349466071e+05	 2.43459447846070339438e+05	 2.46298359425778297009e+05	 2.15309048515157832298e+05	-9.00919268086527154082e+02	-5.46917443673896855216e+02	
 2.15725568869368507876e+04	-4.50692077005914597976e+03	-4.75007490866668740637e+03	-1.05549960287637732108e+04	 1.90067852739250270133e+02	-7.89648522345643613107e+01	-1.53245185010138702637e+04	-8.50595556969332619701e+02	-8.15946826668853191222e+02	-5.95001383169466407708e+02	-4.91310560984801327322e+02	-3.66192672151795818536e+02	-2.66845181944263856622e+02	-1.26255108253265831308e+02	-1.94795079676701590188e+01	 1.59334333887504897120e+02	 4.40476160057431229689e+02	 5.66199782904228499092e+00	 6.78299159223107928085e+00	
-9.94319830765057122335e+03	-3.96310630744712580054e+03	-1.02586532631049485644e+04	 3.94006460404617246240e+05	-7.89648522345643613107e+01	 2.95907440040193832829e+04	-4.15477357027090329211e+04	 5.07547938147256209049e+04	 3.09337619791763791000e+04	 2.30326907450743819936e+04	 2.05811546678235390573e+04	 1.82531010173065660638e+04	 1.79309433500768573140e+04	 1.56558698652005914482e+04	 1.84781108798867862788e+04	 1.94780016229151369771e+04	 1.83159324378011770023e+04	-1.38291110269670014077e+02	-2.00510160374781804649e+02	
-1.79465086307323630899e+06	 4.26887394943842489738e+05	 5.22426116136810975149e+05	 2.64686424904344137758e+06	-1.53245185010138702637e+04	-4.15477357027090329211e+04	 6.08025449852140434086e+06	-5.94813547175728483126e+05	-1.33637100533368822653e+05	-5.79698531747869128594e+04	-2.31832343580778615433e+04	-1.99134866439959455420e+03	 8.99591900773785891943e+03	 1.27838440069434982433e+04	 1.62792689653372835892e+04	 1.26900498766245691513e+04	-7.89811396260825631543e+02	 8.78034557349895476364e+03	 1.52975393348721772782e+04	
-9.88019029543277865741e+04	 1.46801088957577831025e+04	 2.30945914901804280817e+04	 5.43768290202686563134e+05	-8.50595556969332619701e+02	 5.07547938147256209049e+04	-5.94813547175728483126e+05	 4.92650025391871633474e+05	 4.23115265001177031081e+04	 4.92403648920388718579e+02	 6.29976458164209475399e+02	 1.29523035486058528676e+01	 4.20967187172976053944e+01	 4.78647587999572721174e+00	 3.57295554157332606593e+00	 4.96081922459978841289e-04	 1.25400033918865361215e+00	-5.07623005075635003180e+00	-2.55706291178248079632e+00	
-9.47185866702065104619e+04	 1.60742555552599751536e+04	 1.56011769069212932664e+04	 4.11864775305305258371e+05	-8.15946826668853191222e+02	 3.09337619791763791000e+04	-1.33637100533368822653e+05	 4.23115265001177031081e+04	 2.27965913947373774135e+05	 3.20894739295799554384e+04	 6.55355832494176411274e+01	 6.90602580475686522732e+02	-2.10542427934190428118e+01	 2.11910330598540568303e+01	 5.57905302452241080857e+00	 9.86793590071997073210e-02	 8.25375611834852307425e-01	-5.93590092421903108288e+01	-4.38525933262849179073e+01	
-6.93487502516974927858e+04	 1.09562837529746084329e+04	 7.20292766003822362109e+03	 3.10232950094101019204e+05	-5.95001383169466407708e+02	 2.30326907450743819936e+04	-5.79698531747869128594e+04	 4.92403648920388718579e+02	 3.20894739295799554384e+04	 1.51363407202657981543e+05	 3.28167912432238954352e+04	-1.46387638654593928322e+02	 5.54629231077214626566e+02	 1.32741060773267918194e+01	 4.35755839587308368976e+00	 5.16809977013581978156e+00	 4.56627430858898009092e-02	-6.54544602894854676833e+01	-5.38158703224390677633e+01	
-5.75447030191787052900e+04	 8.28439244162524300918e+03	 2.89920406647427944336e+03	 2.81106336617696797475e+05	-4.91310560984801327322e+02	 2.05811546678235390573e+04	-2.31832343580778615433e+04	 6.29976458164209475399e+02	 6.55355832494176411274e+01	 3.28167912432238954352e+04	 1.22249974384427419864e+05	 2.94858465767465313547e+04	 2.09412660597741108859e+02	 3.96711598463905602330e+02	 5.09460788108085935733e+01	 6.63396024387932481403e+00	 3.79404552182336374244e+00	-1.12545392465146576910e+02	-1.07654747411130387036e+02	
-4.32096088173575117253e+04	 5.18797447434617424733e+03	-1.00104663139103536196e+03	 2.50705925241810822627e+05	-3.66192672151795818536e+02	 1.82531010173065660638e+04	-1.99134866439959455420e+03	 1.29523035486058528676e+01	 6.90602580475686522732e+02	-1.46387638654593928322e+02	 2.94858465767465313547e+04	 9.90567260729101253673e+04	 2.66861845223348900618e+04	 4.40629526179826086718e+02	 3.43490205073512186118e+02	 5.70002310715775450944e+01	 7.55790144311779599207e+00	-7.61145270913442146821e+01	-7.64973223330392926300e+01	
-3.19505052970464530517e+04	 2.31782136819014567664e+03	-4.87166018887183236075e+03	 2.44908891962781577604e+05	-2.66845181944263856622e+02	 1.79309433500768573140e+04	 8.99591900773785891943e+03	 4.20967187172976053944e+01	-2.10542427934190428118e+01	 5.54629231077214626566e+02	 2.09412660597741108859e+02	 2.66861845223348900618e+04	 9.28414483771127852378e+04	 2.35614822146745718783e+04	 9.63944553738825220535e+02	 2.71048219719374344550e+02	 4.83748765891384735482e+01	-3.86720639727061552549e+01	-4.81076980340213964382e+01	
-1.60496137525008343800e+04	-8.82785912475518216525e+02	-7.74513953124561703589e+03	 2.11210092036349466071e+05	-1.26255108253265831308e+02	 1.56558698652005914482e+04	 1.27838440069434982433e+04	 4.78647587999572721174e+00	 2.11910330598540568303e+01	 1.32741060773267918194e+01	 3.96711598463905602330e+02	 4.40629526179826086718e+02	 2.35614822146745718783e+04	 7.38365190466608328279e+04	 1.96954363912061598967e+04	 6.90690945298138899489e+02	 1.13645675530714356682e+02	-2.84205691839318319580e+01	-3.88158859651452274875e+01	
-3.41474009469344582612e+03	-4.74697405174907271430e+03	-1.33842232203259154630e+04	 2.43459447846070339438e+05	-1.94795079676701590188e+01	 1.84781108798867862788e+04	 1.62792689653372835892e+04	 3.57295554157332606593e+00	 5.57905302452241080857e+00	 4.35755839587308368976e+00	 5.09460788108085935733e+01	 3.43490205073512186118e+02	 9.63944553738825220535e+02	 1.96954363912061598967e+04	 9.17659815652150864480e+04	 1.63113449543002407154e+04	 6.07866830736717020045e+02	-2.87982108663498124201e+01	-3.38116936513975190337e+01	
 1.53473823681708490767e+04	-1.00041302655766667158e+04	-1.91970329064083416597e+04	 2.46298359425778297009e+05	 1.59334333887504897120e+02	 1.94780016229151369771e+04	 1.26900498766245691513e+04	 4.96081922459978841289e-04	 9.86793590071997073210e-02	 5.16809977013581978156e+00	 6.63396024387932481403e+00	 5.70002310715775450944e+01	 2.71048219719374344550e+02	 6.90690945298138899489e+02	 1.63113449543002407154e+04	 9.50118972830763814272e+04	 1.11680636907555235666e+04	-1.32904364600878864167e+02	-2.28176800967711670864e+02	
 4.87858613995186751708e+04	-1.64422328767715589493e+04	-2.41549876727439987008e+04	 2.15309048515157832298e+05	 4.40476160057431229689e+02	 1.83159324378011770023e+04	-7.89811396260825631543e+02	 1.25400033918865361215e+00	 8.25375611834852307425e-01	 4.56627430858898009092e-02	 3.79404552182336374244e+00	 7.55790144311779599207e+00	 4.83748765891384735482e+01	 1.13645675530714356682e+02	 6.07866830736717020045e+02	 1.11680636907555235666e+04	 8.64694052609912323533e+04	-3.29529863180044799265e+02	-5.80119106975298109319e+02	
 6.51862304729038669393e+02	-1.41399063220392008589e+02	-2.83920880405259481449e+02	-9.00919268086527154082e+02	 5.66199782904228499092e+00	-1.38291110269670014077e+02	 8.78034557349895476364e+03	-5.07623005075635003180e+00	-5.93590092421903108288e+01	-6.54544602894854676833e+01	-1.12545392465146576910e+02	-7.61145270913442146821e+01	-3.86720639727061552549e+01	-2.84205691839318319580e+01	-2.87982108663498124201e+01	-1.32904364600878864167e+02	-3.29529863180044799265e+02	 1.71422444500598794548e+03	 2.78822256217773792741e+03	
 7.79080979850113635621e+02	-1.58466829925637171073e+02	-3.30038606136434736982e+02	-5.46917443673896855216e+02	 6.78299159223107928085e+00	-2.00510160374781804649e+02	 1.52975393348721772782e+04	-2.55706291178248079632e+00	-4.38525933262849179073e+01	-5.38158703224390677633e+01	-1.07654747411130387036e+02	-7.64973223330392926300e+01	-4.81076980340213964382e+01	-3.88158859651452274875e+01	-3.38116936513975190337e+01	-2.28176800967711670864e+02	-5.80119106975298109319e+02	 2.78822256217773792741e+03	 4.61565142757456669642e+03	
