#           w0_fld,           wa_fld,          Omega_b,                h,              n_s,           sigma8,     Omega_m_camb,          P_shot0,          P_shot1,          P_shot2,          P_shot3,      lnbsigma8_0,      lnbsigma8_1,      lnbsigma8_2,      lnbsigma8_3
 7.32578436906200222438e+04	 1.72463100279814898386e+04	 7.85929805533382459544e+04	-7.81006490257891127840e+05	-5.66725379905570589472e+04	 8.92466480337112443522e+04	 2.50628730542869423516e+05	 8.88113866287643105579e+00	 8.93102406867543763269e+00	 7.60076136948651637226e+00	 7.14249147829531771947e+00	 1.26335791287611209555e+05	 1.30747850142100302037e+05	 1.16497383607335272245e+05	 1.18379084577094996348e+05	
 1.72463100279814898386e+04	 4.44363123458645168284e+03	 2.08983810719523025909e+04	-1.58037938450323650613e+05	-1.37052128829899575067e+04	 1.39816486655764401803e+04	 6.35089638292107993038e+04	 1.75969007592601034418e+00	 1.93779333732788261457e+00	 1.76140188248921791825e+00	 1.75414256299296877906e+00	 2.63792515720281116955e+04	 2.95857367786728646024e+04	 2.79025299997979236650e+04	 2.97562815317328495439e+04	
 7.85929805533382459544e+04	 2.08983810719523025909e+04	 4.76560460905401594937e+06	-2.46436327432552716346e+04	-8.96475808380312519148e+05	 2.52380622643557617266e+04	-1.66761769718827074394e+06	-4.01877417155927645354e+01	-3.66521699810176073697e+01	-2.79680415979007683802e+01	-2.12964947672665161349e+01	-7.57116115389823826263e+04	-3.50445574265466129873e+04	 2.86539384772993143997e+04	 1.54638561217747803312e+05	
-7.81006490257891127840e+05	-1.58037938450323650613e+05	-2.46436327432552716346e+04	 1.37122171440394632518e+07	 1.13879419771090819268e+05	-1.67647149609564337879e+06	-4.05023562440359964967e+06	-1.72988428610206881331e+02	-1.59864769585987801293e+02	-1.27579126333954434358e+02	-1.12213223041855613360e+02	-1.84915052136092423461e+06	-1.81428475137144769542e+06	-1.54728004101145360619e+06	-1.48622831033267942257e+06	
-5.66725379905570589472e+04	-1.37052128829899575067e+04	-8.96475808380312519148e+05	 1.13879419771090819268e+05	 2.53277706370700674597e+05	-4.00241588642718124902e+04	 3.15067342381604830734e+05	 8.71356281708880331394e+00	 7.65905372892181546263e+00	 5.52078539042488536381e+00	 3.64914357214565576726e+00	-1.85040783212007372640e+04	-3.08752670953152992297e+04	-4.41823308850821922533e+04	-7.89554533691796241328e+04	
 8.92466480337112443522e+04	 1.39816486655764401803e+04	 2.52380622643557617266e+04	-1.67647149609564337879e+06	-4.00241588642718124902e+04	 2.70826745199409953784e+05	 3.29487846614369074814e+05	 1.80692115440745020294e+01	 1.63563796432187480434e+01	 1.28562829337387611872e+01	 1.12841131666644116649e+01	 2.01807516881348972674e+05	 1.94658662896650843322e+05	 1.64582984032711799955e+05	 1.59941460171760991216e+05	
 2.50628730542869423516e+05	 6.35089638292107993038e+04	-1.66761769718827074394e+06	-4.05023562440359964967e+06	 3.15067342381604830734e+05	 3.29487846614369074814e+05	 2.35549211145405145362e+06	 6.84221136436120218605e+01	 6.67453565937073420855e+01	 5.57831305488237774171e+01	 5.09545316494456699274e+01	 6.24441987440174911171e+05	 6.43592694989422685467e+05	 5.62200943113870918751e+05	 5.27601040953141869977e+05	
 8.88113866287643105579e+00	 1.75969007592601034418e+00	-4.01877417155927645354e+01	-1.72988428610206881331e+02	 8.71356281708880331394e+00	 1.80692115440745020294e+01	 6.84221136436120218605e+01	 9.70988260362171465290e-03	 3.00061421564835895115e-19	-2.87567685592834965114e-19	 2.80579663777986987316e-19	 8.57561287597502541757e+01	0.00000000000000000000e+00	 1.08698315105792975288e-14	0.00000000000000000000e+00	
 8.93102406867543763269e+00	 1.93779333732788261457e+00	-3.66521699810176073697e+01	-1.59864769585987801293e+02	 7.65905372892181546263e+00	 1.63563796432187480434e+01	 6.67453565937073420855e+01	 3.00061421564835895115e-19	 8.84863200060204309338e-03	0.00000000000000000000e+00	-2.83756037330190613588e-19	0.00000000000000000000e+00	 8.18512951296806079426e+01	0.00000000000000000000e+00	0.00000000000000000000e+00	
 7.60076136948651637226e+00	 1.76140188248921791825e+00	-2.79680415979007683802e+01	-1.27579126333954434358e+02	 5.52078539042488536381e+00	 1.28562829337387611872e+01	 5.57831305488237774171e+01	-2.87567685592834965114e-19	0.00000000000000000000e+00	 6.97141333715568193435e-03	 2.72003455187037196383e-19	0.00000000000000000000e+00	0.00000000000000000000e+00	 6.75363929232725581642e+01	0.00000000000000000000e+00	
 7.14249147829531771947e+00	 1.75414256299296877906e+00	-2.12964947672665161349e+01	-1.12213223041855613360e+02	 3.64914357214565576726e+00	 1.12841131666644116649e+01	 5.09545316494456699274e+01	 2.80579663777986987316e-19	-2.83756037330190613588e-19	 2.72003455187037196383e-19	 6.08099891498146190999e-03	0.00000000000000000000e+00	0.00000000000000000000e+00	0.00000000000000000000e+00	 6.18487922233642777314e+01	
 1.26335791287611209555e+05	 2.63792515720281116955e+04	-7.57116115389823826263e+04	-1.84915052136092423461e+06	-1.85040783212007372640e+04	 2.01807516881348972674e+05	 6.24441987440174911171e+05	 8.57561287597502541757e+01	0.00000000000000000000e+00	0.00000000000000000000e+00	0.00000000000000000000e+00	 1.01260421738309226930e+06	0.00000000000000000000e+00	0.00000000000000000000e+00	0.00000000000000000000e+00	
 1.30747850142100302037e+05	 2.95857367786728646024e+04	-3.50445574265466129873e+04	-1.81428475137144769542e+06	-3.08752670953152992297e+04	 1.94658662896650843322e+05	 6.43592694989422685467e+05	0.00000000000000000000e+00	 8.18512951296806079426e+01	0.00000000000000000000e+00	0.00000000000000000000e+00	0.00000000000000000000e+00	 1.01918681014254258480e+06	0.00000000000000000000e+00	0.00000000000000000000e+00	
 1.16497383607335272245e+05	 2.79025299997979236650e+04	 2.86539384772993143997e+04	-1.54728004101145360619e+06	-4.41823308850821922533e+04	 1.64582984032711799955e+05	 5.62200943113870918751e+05	 1.08698315105792975288e-14	0.00000000000000000000e+00	 6.75363929232725581642e+01	0.00000000000000000000e+00	0.00000000000000000000e+00	0.00000000000000000000e+00	 8.92868010126086184755e+05	0.00000000000000000000e+00	
 1.18379084577094996348e+05	 2.97562815317328495439e+04	 1.54638561217747803312e+05	-1.48622831033267942257e+06	-7.89554533691796241328e+04	 1.59941460171760991216e+05	 5.27601040953141869977e+05	0.00000000000000000000e+00	0.00000000000000000000e+00	0.00000000000000000000e+00	 6.18487922233642777314e+01	0.00000000000000000000e+00	0.00000000000000000000e+00	0.00000000000000000000e+00	 8.86966858517617103644e+05	
