#           w0_fld,           wa_fld,          Omega_b,                h,              n_s,           sigma8,     Omega_m_camb,          P_shot0,          P_shot1,          P_shot2,          P_shot3,      lnbsigma8_0,      lnbsigma8_1,      lnbsigma8_2,      lnbsigma8_3
 7.98007651755072874948e+04	 1.89848285287425023853e+04	 1.61622463019709830405e+04	-6.49881792326292707003e+04	-3.66663115294776507653e+04	 9.60392462479718524264e+04	 3.29107107064496958628e+05	 1.30231988464040213671e+01	 1.29663699373820797689e+01	 1.07610624316274936518e+01	 9.62789330010200039567e+00	 1.47650194035877182614e+05	 1.50739176149449835066e+05	 1.31761467401199915912e+05	 1.29937123788547993172e+05	
 1.89848285287425023853e+04	 4.98418587570076306292e+03	 7.36748501684018083324e+03	-9.67508596816186400247e+03	-9.25683785565392463468e+03	 1.42454279281869403349e+04	 8.36543150264389842050e+04	 2.50012800178698491038e+00	 2.75133774434478528548e+00	 2.45622267614371914135e+00	 2.34414383307964335756e+00	 3.09813649201941407227e+04	 3.42753277361714135623e+04	 3.17027880242348801403e+04	 3.27867578794194050715e+04	
 1.61622463019709830405e+04	 7.36748501684018083324e+03	 5.54182807919802609831e+06	-7.28188103448529262096e+05	-1.14179847238114452921e+06	-1.14318609198005462531e+05	-2.51077154735038056970e+06	-1.01520201534687600997e+02	-8.97260034114044344733e+01	-6.64214865580468227790e+01	-4.98185078931458775742e+01	-3.30199346563511295244e+05	-2.63607584079158958048e+05	-1.41806992208484211005e+05	 2.70479529020154877799e+04	
-6.49881792326292707003e+04	-9.67508596816186400247e+03	-7.28188103448529262096e+05	 2.63365856223086826503e+05	 1.78803608224993309705e+05	-1.94094218184633296914e+05	 1.23322371246681781486e+05	-8.74122507069009557767e+00	-6.03336323617289949084e+00	-3.46883660492061096647e+00	-2.27697094118260645601e+00	-1.19675978408139606472e+05	-1.13935583733593142824e+05	-1.00134970479408948449e+05	-1.13454904756182746496e+05	
-3.66663115294776507653e+04	-9.25683785565392463468e+03	-1.14179847238114452921e+06	 1.78803608224993309705e+05	 3.32841119783255562652e+05	 3.23857984782484891184e+03	 5.90126022475013043731e+05	 2.82110641420040906269e+01	 2.47697285876762478551e+01	 1.80929677265070516512e+01	 1.31327670823843369874e+01	 6.23284636988844649750e+04	 4.27720153032215821440e+04	 1.15078739373447751859e+04	-3.65999448329058941454e+04	
 9.60392462479718524264e+04	 1.42454279281869403349e+04	-1.14318609198005462531e+05	-1.94094218184633296914e+05	 3.23857984782484891184e+03	 3.13006296418477082625e+05	 4.42984205386045156047e+05	 3.04391652832893022662e+01	 2.66543027720921230639e+01	 2.00424375469978599540e+01	 1.64276289021452086558e+01	 2.43541021377648168709e+05	 2.31172761966193444096e+05	 1.91166588939359004144e+05	 1.79475520024125376949e+05	
 3.29107107064496958628e+05	 8.36543150264389842050e+04	-2.51077154735038056970e+06	 1.23322371246681781486e+05	 5.90126022475013043731e+05	 4.42984205386045156047e+05	 3.39001419994183769450e+06	 1.31154895765056465962e+02	 1.23271281575081246729e+02	 9.85090525965213856807e+01	 8.43022653661134313552e+01	 9.05340063908726908267e+05	 9.06668315270054386929e+05	 7.66205414068886311725e+05	 6.87053232679842156358e+05	
 1.30231988464040213671e+01	 2.50012800178698491038e+00	-1.01520201534687600997e+02	-8.74122507069009557767e+00	 2.82110641420040906269e+01	 3.04391652832893022662e+01	 1.31154895765056465962e+02	 2.48400731520557298271e-02	0.00000000000000000000e+00	 1.12676557808503302605e-18	-5.51206690425735945649e-19	 1.45846800800309893020e+02	0.00000000000000000000e+00	0.00000000000000000000e+00	0.00000000000000000000e+00	
 1.29663699373820797689e+01	 2.75133774434478528548e+00	-8.97260034114044344733e+01	-6.03336323617289949084e+00	 2.47697285876762478551e+01	 2.66543027720921230639e+01	 1.23271281575081246729e+02	0.00000000000000000000e+00	 2.16969398526518607306e-02	0.00000000000000000000e+00	-5.54065426622719209293e-19	0.00000000000000000000e+00	 1.35095827840552061616e+02	0.00000000000000000000e+00	0.00000000000000000000e+00	
 1.07610624316274936518e+01	 2.45622267614371914135e+00	-6.64214865580468227790e+01	-3.46883660492061096647e+00	 1.80929677265070516512e+01	 2.00424375469978599540e+01	 9.85090525965213856807e+01	 1.12676557808503302605e-18	0.00000000000000000000e+00	 1.61806730689448043103e-02	-5.30560262336412374884e-19	0.00000000000000000000e+00	0.00000000000000000000e+00	 1.07022995882366075193e+02	0.00000000000000000000e+00	
 9.62789330010200039567e+00	 2.34414383307964335756e+00	-4.98185078931458775742e+01	-2.27697094118260645601e+00	 1.31327670823843369874e+01	 1.64276289021452086558e+01	 8.43022653661134313552e+01	-5.51206690425735945649e-19	-5.54065426622719209293e-19	-5.30560262336412374884e-19	 1.29927565339494951319e-02	0.00000000000000000000e+00	0.00000000000000000000e+00	0.00000000000000000000e+00	 9.19228501987654453842e+01	
 1.47650194035877182614e+05	 3.09813649201941407227e+04	-3.30199346563511295244e+05	-1.19675978408139606472e+05	 6.23284636988844649750e+04	 2.43541021377648168709e+05	 9.05340063908726908267e+05	 1.45846800800309893020e+02	0.00000000000000000000e+00	0.00000000000000000000e+00	0.00000000000000000000e+00	 1.27301480999699560925e+06	 3.97455401923707540845e-11	0.00000000000000000000e+00	0.00000000000000000000e+00	
 1.50739176149449835066e+05	 3.42753277361714135623e+04	-2.63607584079158958048e+05	-1.13935583733593142824e+05	 4.27720153032215821440e+04	 2.31172761966193444096e+05	 9.06668315270054386929e+05	0.00000000000000000000e+00	 1.35095827840552061616e+02	0.00000000000000000000e+00	0.00000000000000000000e+00	 3.97455401923707540845e-11	 1.25788004742546286434e+06	-4.13464817938802298158e-11	0.00000000000000000000e+00	
 1.31761467401199915912e+05	 3.17027880242348801403e+04	-1.41806992208484211005e+05	-1.00134970479408948449e+05	 1.15078739373447751859e+04	 1.91166588939359004144e+05	 7.66205414068886311725e+05	0.00000000000000000000e+00	0.00000000000000000000e+00	 1.07022995882366075193e+02	0.00000000000000000000e+00	0.00000000000000000000e+00	-4.13464817938802298158e-11	 1.07439512101726583205e+06	0.00000000000000000000e+00	
 1.29937123788547993172e+05	 3.27867578794194050715e+04	 2.70479529020154877799e+04	-1.13454904756182746496e+05	-3.65999448329058941454e+04	 1.79475520024125376949e+05	 6.87053232679842156358e+05	0.00000000000000000000e+00	0.00000000000000000000e+00	0.00000000000000000000e+00	 9.19228501987654453842e+01	0.00000000000000000000e+00	0.00000000000000000000e+00	0.00000000000000000000e+00	 1.02577707997173466720e+06	
