#           w0_fld,           wa_fld,          Omega_b,                h,              n_s,           sigma8,     Omega_m_camb,          P_shot0,          P_shot1,          P_shot2,          P_shot3,      lnbsigma8_0,      lnbsigma8_1,      lnbsigma8_2,      lnbsigma8_3
 7.32557587988199666142e+04	 1.72459451085181281087e+04	 7.85832234483463689685e+04	-7.16880320018444617745e+04	-5.66739020186098641716e+04	 8.92459036908335401677e+04	 2.50628560159789398313e+05	 8.88180478345420532094e+00	 8.93139741562898237248e+00	 7.60095526468393423158e+00	 7.14251158624663506913e+00	 1.26325541536455944879e+05	 1.30734084293775435071e+05	 1.16483623641479149228e+05	 1.18362470357403362868e+05	
 1.72459451085181281087e+04	 4.44351898457654260710e+03	 2.08963023756064067129e+04	-1.27638707443379134929e+04	-1.37059933323566674517e+04	 1.39825381677593286440e+04	 6.35055695301630621543e+04	 1.75988719937632476231e+00	 1.93797610713896739654e+00	 1.76151856431208342357e+00	 1.75419707496653121126e+00	 2.63778443923866943805e+04	 2.95837173647434974555e+04	 2.78999844378601919743e+04	 2.97526333402800519252e+04	
 7.85832234483463689685e+04	 2.08963023756064067129e+04	 4.76462461310150008649e+06	-7.22350216416095150635e+05	-8.96333015848717652261e+05	 2.52927535084501141682e+04	-1.66717208144906070083e+06	-4.01778732612372166955e+01	-3.66424927915584035532e+01	-2.79598158870960347144e+01	-2.12888432399624107916e+01	-7.56258058965293312212e+04	-3.49638201190701875021e+04	 2.87140491372055039392e+04	 1.54667608472402091138e+05	
-7.16880320018444617745e+04	-1.27638707443379134929e+04	-7.22350216416095150635e+05	 2.32475631632608623477e+05	 1.75402871565294160973e+05	-1.72440739631944539724e+05	 6.35650065456325100968e+04	-6.52873018832098583886e+00	-5.24600720099969919374e+00	-3.73238029531998716237e+00	-3.20968814120372591958e+00	-1.24369314406629680889e+05	-1.21695024594863614766e+05	-1.08638299681278862408e+05	-1.22259063879194567562e+05	
-5.66739020186098641716e+04	-1.37059933323566674517e+04	-8.96333015848717652261e+05	 1.75402871565294160973e+05	 2.53262830926916620228e+05	-4.00400770445733141969e+04	 3.14914191530663752928e+05	 8.71183777445039631004e+00	 7.65730763874083653064e+00	 5.51923634041304111975e+00	 3.64761595901669277708e+00	-1.85240474818948023312e+04	-3.08942276016504692961e+04	-4.41967152688890346326e+04	-7.89629778202840825543e+04	
 8.92459036908335401677e+04	 1.39825381677593286440e+04	 2.52927535084501141682e+04	-1.72440739631944539724e+05	-4.00400770445733141969e+04	 2.70831415009444055613e+05	 3.29496425973134522792e+05	 1.80704993542108951488e+01	 1.63574635491274982257e+01	 1.28570129370309302885e+01	 1.12845188455131406613e+01	 2.01799031334810017142e+05	 1.94648555504793359432e+05	 1.64571926175635366235e+05	 1.59926165042661945336e+05	
 2.50628560159789398313e+05	 6.35055695301630621543e+04	-1.66717208144906070083e+06	 6.35650065456325100968e+04	 3.14914191530663752928e+05	 3.29496425973134522792e+05	 2.35504660699311085045e+06	 6.84193732979462794219e+01	 6.67425375294287164252e+01	 5.57799238287736329767e+01	 5.09501352516390682013e+01	 6.24382717726186499931e+05	 6.43526342852495610714e+05	 5.62133091331981355324e+05	 5.27524454821498598903e+05	
 8.88180478345420532094e+00	 1.75988719937632476231e+00	-4.01778732612372166955e+01	-6.52873018832098583886e+00	 8.71183777445039631004e+00	 1.80704993542108951488e+01	 6.84193732979462794219e+01	 9.71101353353509208488e-03	0.00000000000000000000e+00	-2.81638454962054862740e-19	-2.75603345212867972824e-19	 8.57566019357139595058e+01	0.00000000000000000000e+00	0.00000000000000000000e+00	0.00000000000000000000e+00	
 8.93139741562898237248e+00	 1.93797610713896739654e+00	-3.66424927915584035532e+01	-5.24600720099969919374e+00	 7.65730763874083653064e+00	 1.63574635491274982257e+01	 6.67425375294287164252e+01	0.00000000000000000000e+00	 8.84962599768714802684e-03	0.00000000000000000000e+00	0.00000000000000000000e+00	0.00000000000000000000e+00	 8.18509787981276559776e+01	0.00000000000000000000e+00	0.00000000000000000000e+00	
 7.60095526468393423158e+00	 1.76151856431208342357e+00	-2.79598158870960347144e+01	-3.73238029531998716237e+00	 5.51923634041304111975e+00	 1.28570129370309302885e+01	 5.57799238287736329767e+01	-2.81638454962054862740e-19	0.00000000000000000000e+00	 6.97213560706801301070e-03	-2.65333070727409581213e-19	0.00000000000000000000e+00	0.00000000000000000000e+00	 6.75351273261378821644e+01	0.00000000000000000000e+00	
 7.14251158624663506913e+00	 1.75419707496653121126e+00	-2.12888432399624107916e+01	-3.20968814120372591958e+00	 3.64761595901669277708e+00	 1.12845188455131406613e+01	 5.09501352516390682013e+01	-2.75603345212867972824e-19	0.00000000000000000000e+00	-2.65333070727409581213e-19	 6.08150605782340532984e-03	0.00000000000000000000e+00	0.00000000000000000000e+00	0.00000000000000000000e+00	 6.18459213811052777032e+01	
 1.26325541536455944879e+05	 2.63778443923866943805e+04	-7.56258058965293312212e+04	-1.24369314406629680889e+05	-1.85240474818948023312e+04	 2.01799031334810017142e+05	 6.24382717726186499931e+05	 8.57566019357139595058e+01	0.00000000000000000000e+00	0.00000000000000000000e+00	0.00000000000000000000e+00	 1.01248475521876756102e+06	 7.94955212768400087953e-11	0.00000000000000000000e+00	0.00000000000000000000e+00	
 1.30734084293775435071e+05	 2.95837173647434974555e+04	-3.49638201190701875021e+04	-1.21695024594863614766e+05	-3.08942276016504692961e+04	 1.94648555504793359432e+05	 6.43526342852495610714e+05	0.00000000000000000000e+00	 8.18509787981276559776e+01	0.00000000000000000000e+00	0.00000000000000000000e+00	 7.94955212768400087953e-11	 1.01905235918868379667e+06	 8.26843038481683834107e-11	 8.39008862385526299477e-11	
 1.16483623641479149228e+05	 2.78999844378601919743e+04	 2.87140491372055039392e+04	-1.08638299681278862408e+05	-4.41967152688890346326e+04	 1.64571926175635366235e+05	 5.62133091331981355324e+05	0.00000000000000000000e+00	0.00000000000000000000e+00	 6.75351273261378821644e+01	0.00000000000000000000e+00	0.00000000000000000000e+00	 8.26843038481683834107e-11	 8.92732048683414584957e+05	0.00000000000000000000e+00	
 1.18362470357403362868e+05	 2.97526333402800519252e+04	 1.54667608472402091138e+05	-1.22259063879194567562e+05	-7.89629778202840825543e+04	 1.59926165042661945336e+05	 5.27524454821498598903e+05	0.00000000000000000000e+00	0.00000000000000000000e+00	0.00000000000000000000e+00	 6.18459213811052777032e+01	0.00000000000000000000e+00	 8.39008862385526299477e-11	0.00000000000000000000e+00	 8.86800861052035237662e+05	
