#           w0_fld,           wa_fld,          Omega_b,                h,              n_s,           sigma8,       N_eff_camb,        m_nu_camb,     Omega_m_camb,          P_shot0,          P_shot1,          P_shot2,          P_shot3,      lnbsigma8_0,      lnbsigma8_1,      lnbsigma8_2,      lnbsigma8_3
 1.35369284932654876386e-02	-4.43109239674348773241e-02	 3.69998898416795240357e-04	-3.08472950286855184237e-04	-1.94872627450068500350e-03	-1.71282464872935208215e-03	-2.54074206827627560590e-02	 4.46848737476089261089e-03	 1.69953230445296491792e-03	 1.08019422438828960331e+00	 9.66955291991424048526e-01	 7.41827361429365672585e-01	 7.97572413049130513052e-01	-1.87370520158248771332e-03	-1.83970789084451392947e-03	-1.79146825387346310399e-03	-1.79495314256427457821e-03	
-4.43109239674348773241e-02	 1.60461483975681717951e-01	-1.25750933942290425011e-03	 8.26254201113750226873e-04	 7.01175356136166886417e-03	 5.75245885992637685791e-03	 9.56413799513677470587e-02	-1.71169485623393451135e-02	-5.71647936781168389264e-03	-3.88463236866493710764e+00	-3.64723720078547275492e+00	-2.86312402304658952801e+00	-3.19180610920318175161e+00	 5.51466533642961786316e-03	 5.39989378354678323940e-03	 5.23511058153894402040e-03	 5.26175938475604773603e-03	
 3.69998898416795240357e-04	-1.25750933942290425011e-03	 1.47223977248037805475e-05	-8.81926479697079651198e-06	-7.15207084155990971321e-05	-4.49832312229917551474e-05	-1.18272897374710255977e-03	 1.02225079501443966265e-04	 5.37618090895009321400e-05	 4.14168706504457681539e-02	 3.98400024214060066718e-02	 3.47492546125930112932e-02	 3.67332572376903102040e-02	-5.65796986285044007509e-05	-5.59914960981917284857e-05	-5.51116085495056970476e-05	-5.53332193600108486085e-05	
-3.08472950286855184237e-04	 8.26254201113750226873e-04	-8.81926479697079651198e-06	 1.59916015320364312776e-05	 4.79903733108971819834e-05	 5.53309628355899170557e-05	 8.13249654418712083874e-04	-1.71658883566783935495e-04	-4.38852581378935111857e-05	-1.72977594612285388224e-05	 2.35372543828046495995e-03	 6.79359625817887047977e-03	 3.05810941707174025264e-03	 6.15170627002825345020e-05	 6.09802070965063415780e-05	 6.04593589287161266711e-05	 6.08451291981308969099e-05	
-1.94872627450068500350e-03	 7.01175356136166886417e-03	-7.15207084155990971321e-05	 4.79903733108971819834e-05	 5.01155901230777595795e-04	 2.50632882928143231084e-04	 6.53217795539943243271e-03	-3.05116643662528249162e-04	-3.00350835365686139392e-04	-2.96804125767947568626e-01	-3.15461417755882933545e-01	-2.94637869602636215394e-01	-3.18753153055521154524e-01	 3.06998140744942831035e-04	 3.05887811903943402682e-04	 3.01242325978688121023e-04	 3.05973042898631498402e-04	
-1.71282464872935208215e-03	 5.75245885992637685791e-03	-4.49832312229917551474e-05	 5.53309628355899170557e-05	 2.50632882928143231084e-04	 2.87555679224971182974e-04	 3.98180279841832060472e-03	-8.95241729184627571883e-04	-2.18252750044689548207e-04	-6.53675799539349955403e-02	-5.36517317749966721196e-02	-1.75401628154644162461e-02	-4.13755222077913376033e-02	 2.45550507220265278995e-04	 2.40995703711206825338e-04	 2.35008416068950001451e-04	 2.36746124573321194834e-04	
-2.54074206827627560590e-02	 9.56413799513677470587e-02	-1.18272897374710255977e-03	 8.13249654418712083874e-04	 6.53217795539943243271e-03	 3.98180279841832060472e-03	 1.24930985071632624783e-01	-1.08753572437656469835e-02	-4.17317706763789802310e-03	-2.65512729397080393667e+00	-2.82031148819666599437e+00	-2.45371407390433660112e+00	-2.88960368946275147906e+00	 4.15137130190434792965e-03	 4.13055300738007259709e-03	 4.09692562288154968342e-03	 4.15213393682217768443e-03	
 4.46848737476089261089e-03	-1.71169485623393451135e-02	 1.02225079501443966265e-04	-1.71658883566783935495e-04	-3.05116643662528249162e-04	-8.95241729184627571883e-04	-1.08753572437656469835e-02	 7.68475414967526634230e-03	 7.01429003066108289546e-04	-4.01742486674597054641e-01	-4.98421528163293048319e-01	-5.66634272288808471529e-01	-5.09124641918322518030e-01	-6.44259522334696219797e-04	-6.25843671506942015974e-04	-6.20633326753327295433e-04	-6.19176906600424434984e-04	
 1.69953230445296491792e-03	-5.71647936781168389264e-03	 5.37618090895009321400e-05	-4.38852581378935111857e-05	-3.00350835365686139392e-04	-2.18252750044689548207e-04	-4.17317706763789802310e-03	 7.01429003066108289546e-04	 2.44964748449453205946e-04	 1.48125018974064326382e-01	 1.41094556393111414394e-01	 1.20779052909999060073e-01	 1.28896915625235447544e-01	-2.60992960707909585089e-04	-2.57869870003673738127e-04	-2.53617905205397869972e-04	-2.54781248762550095212e-04	
 1.08019422438828960331e+00	-3.88463236866493710764e+00	 4.14168706504457681539e-02	-1.72977594612285388224e-05	-2.96804125767947568626e-01	-6.53675799539349955403e-02	-2.65512729397080393667e+00	-4.01742486674597054641e-01	 1.48125018974064326382e-01	 4.48154978323933619322e+02	 3.52044098762076657749e+02	 3.40701300597948034010e+02	 3.44053692784579936870e+02	-1.53905942054807565178e-01	-1.40052029929805033071e-01	-1.35774171329521103901e-01	-1.38301403827706143046e-01	
 9.66955291991424048526e-01	-3.64723720078547275492e+00	 3.98400024214060066718e-02	 2.35372543828046495995e-03	-3.15461417755882933545e-01	-5.36517317749966721196e-02	-2.82031148819666599437e+00	-4.98421528163293048319e-01	 1.41094556393111414394e-01	 3.52044098762076657749e+02	 5.08154167837062857416e+02	 3.65008964409359236925e+02	 3.73340862475268124854e+02	-1.27739553517208531686e-01	-1.43576873468793525523e-01	-1.24877790641976738062e-01	-1.28119733072438374277e-01	
 7.41827361429365672585e-01	-2.86312402304658952801e+00	 3.47492546125930112932e-02	 6.79359625817887047977e-03	-2.94637869602636215394e-01	-1.75401628154644162461e-02	-2.45371407390433660112e+00	-5.66634272288808471529e-01	 1.20779052909999060073e-01	 3.40701300597948034010e+02	 3.65008964409359236925e+02	 5.34871214837921684193e+02	 3.72644760844630923202e+02	-1.05209446159587244329e-01	-1.07167646101198804631e-01	-1.21964979104275575428e-01	-1.09292127148632872702e-01	
 7.97572413049130513052e-01	-3.19180610920318175161e+00	 3.67332572376903102040e-02	 3.05810941707174025264e-03	-3.18753153055521154524e-01	-4.13755222077913376033e-02	-2.88960368946275147906e+00	-5.09124641918322518030e-01	 1.28896915625235447544e-01	 3.44053692784579936870e+02	 3.73340862475268124854e+02	 3.72644760844630923202e+02	 6.15728975547146433200e+02	-1.11294204155371279086e-01	-1.13140370656138911087e-01	-1.11039332209418417641e-01	-1.36472884395185817263e-01	
-1.87370520158248771332e-03	 5.51466533642961786316e-03	-5.65796986285044007509e-05	 6.15170627002825345020e-05	 3.06998140744942831035e-04	 2.45550507220265278995e-04	 4.15137130190434792965e-03	-6.44259522334696219797e-04	-2.60992960707909585089e-04	-1.53905942054807565178e-01	-1.27739553517208531686e-01	-1.05209446159587244329e-01	-1.11294204155371279086e-01	 3.25160736492887683050e-04	 3.19566364051971371976e-04	 3.15021206601816023025e-04	 3.16202151334554119964e-04	
-1.83970789084451392947e-03	 5.39989378354678323940e-03	-5.59914960981917284857e-05	 6.09802070965063415780e-05	 3.05887811903943402682e-04	 2.40995703711206825338e-04	 4.13055300738007259709e-03	-6.25843671506942015974e-04	-2.57869870003673738127e-04	-1.40052029929805033071e-01	-1.43576873468793525523e-01	-1.07167646101198804631e-01	-1.13140370656138911087e-01	 3.19566364051971371976e-04	 3.19035574170535400629e-04	 3.12346929602493311035e-04	 3.13463935908273776468e-04	
-1.79146825387346310399e-03	 5.23511058153894402040e-03	-5.51116085495056970476e-05	 6.04593589287161266711e-05	 3.01242325978688121023e-04	 2.35008416068950001451e-04	 4.09692562288154968342e-03	-6.20633326753327295433e-04	-2.53617905205397869972e-04	-1.35774171329521103901e-01	-1.24877790641976738062e-01	-1.21964979104275575428e-01	-1.11039332209418417641e-01	 3.15021206601816023025e-04	 3.12346929602493311035e-04	 3.11052977084911436417e-04	 3.09772939962274344600e-04	
-1.79495314256427457821e-03	 5.26175938475604773603e-03	-5.53332193600108486085e-05	 6.08451291981308969099e-05	 3.05973042898631498402e-04	 2.36746124573321194834e-04	 4.15213393682217768443e-03	-6.19176906600424434984e-04	-2.54781248762550095212e-04	-1.38301403827706143046e-01	-1.28119733072438374277e-01	-1.09292127148632872702e-01	-1.36472884395185817263e-01	 3.16202151334554119964e-04	 3.13463935908273776468e-04	 3.09772939962274344600e-04	 3.13729506637988890452e-04	
