#          Omega_b,                h,              n_s,           sigma8,       N_eff_camb,        m_nu_camb,     Omega_m_camb,          P_shot0,          P_shot1,          P_shot2,          P_shot3,      lnbsigma8_0,      lnbsigma8_1,      lnbsigma8_2,      lnbsigma8_3
 4.71328205991115048528e+06	-5.47809605493025155738e+04	-8.87533088004857767373e+05	 2.81210191943908066605e+04	 3.92084066961265052669e+04	 9.20535242696088389494e+04	-1.64328526168220955878e+06	-3.94969416535032209481e+01	-3.59492882218341520684e+01	-2.73472217164154329794e+01	-2.07022803859228332612e+01	-7.14011435715913976310e+04	-3.07531767826179057010e+04	 3.20183804745025990997e+04	 1.56203752667882828973e+05	
-5.47809605493025155738e+04	 1.34160090969301611185e+07	 1.19746668088824022561e+05	-1.63924506701949564740e+06	-1.86918154418116318993e+03	 9.40069002707288891543e+04	-3.97987798001911491156e+06	-1.70147503040795015750e+02	-1.57001255802430250696e+02	-1.25017198970120091417e+02	-1.09548432290537988365e+02	-1.81986270636523864232e+06	-1.78267686012828303501e+06	-1.51708794245012803003e+06	-1.45210892585781216621e+06	
-8.87533088004857767373e+05	 1.19746668088824022561e+05	 2.50626399881350604119e+05	-4.03198862829929275904e+04	-7.85524828976986827911e+03	-2.28709514137579499220e+04	 3.09697350441989605315e+05	 8.54223620889228207886e+00	 7.48943817081395124546e+00	 5.37693720324880164441e+00	 3.52315173717360874406e+00	-1.93248638707355639781e+04	-3.15981996255180674780e+04	-4.45941252146472543245e+04	-7.86781991435894451570e+04	
 2.81210191943908066605e+04	-1.63924506701949564740e+06	-4.03198862829929275904e+04	 2.65077400890343182255e+05	 3.06353836447553817379e+02	-9.41313260166574400500e+03	 3.24667651513489428908e+05	 1.77583724113001615308e+01	 1.60537158637087493673e+01	 1.25925690573017661222e+01	 1.10133900475789996420e+01	 1.98595782626268919557e+05	 1.91285719279253273271e+05	 1.61408512237069662660e+05	 1.56327280335546704009e+05	
 3.92084066961265052669e+04	-1.86918154418116318993e+03	-7.85524828976986827911e+03	 3.06353836447553817379e+02	 3.57925305963625362438e+02	 7.78928502387124126471e+02	-1.33292157209603828960e+04	-3.35380100475955567063e-01	-3.02567159170302080184e-01	-2.27983871716378821981e-01	-1.69752576903690916010e-01	-5.18193092499303475051e+02	-1.44872842947204219399e+02	 3.99831862573732109922e+02	 1.49160702272569005800e+03	
 9.20535242696088389494e+04	 9.40069002707288891543e+04	-2.28709514137579499220e+04	-9.41313260166574400500e+03	 7.78928502387124126471e+02	 3.22281593121871173935e+03	-6.57020610645800479688e+04	-1.98385401589940713052e+00	-1.80125857627189089882e+00	-1.39562409516310070856e+00	-1.14378109225334467780e+00	-1.26065073029320992646e+04	-1.13817837645271592919e+04	-8.28788349354975434835e+03	-4.92523961023855463282e+03	
-1.64328526168220955878e+06	-3.97987798001911491156e+06	 3.09697350441989605315e+05	 3.24667651513489428908e+05	-1.33292157209603828960e+04	-6.57020610645800479688e+04	 2.31876296843089116737e+06	 6.75555008313792768604e+01	 6.57884158539555272682e+01	 5.48498335754173638179e+01	 4.98989584282821567740e+01	 6.16199886474856641144e+05	 6.33831078677291865461e+05	 5.52197599263989948668e+05	 5.15905997728772228584e+05	
-3.94969416535032209481e+01	-1.70147503040795015750e+02	 8.54223620889228207886e+00	 1.77583724113001615308e+01	-3.35380100475955567063e-01	-1.98385401589940713052e+00	 6.75555008313792768604e+01	 9.57345885984709106531e-03	0.00000000000000000000e+00	0.00000000000000000000e+00	0.00000000000000000000e+00	 8.45203644616652525201e+01	0.00000000000000000000e+00	0.00000000000000000000e+00	0.00000000000000000000e+00	
-3.59492882218341520684e+01	-1.57001255802430250696e+02	 7.48943817081395124546e+00	 1.60537158637087493673e+01	-3.02567159170302080184e-01	-1.80125857627189089882e+00	 6.57884158539555272682e+01	0.00000000000000000000e+00	 8.71329906853010420498e-03	0.00000000000000000000e+00	 2.77615048462596936130e-19	0.00000000000000000000e+00	 8.05489264045466342168e+01	0.00000000000000000000e+00	-3.70016517425852953238e-15	
-2.73472217164154329794e+01	-1.25017198970120091417e+02	 5.37693720324880164441e+00	 1.25925690573017661222e+01	-2.27983871716378821981e-01	-1.39562409516310070856e+00	 5.48498335754173638179e+01	0.00000000000000000000e+00	0.00000000000000000000e+00	 6.85064431672442568366e-03	0.00000000000000000000e+00	0.00000000000000000000e+00	 3.70016517425852953238e-15	 6.63155721731205858305e+01	-3.70016517425852953238e-15	
-2.07022803859228332612e+01	-1.09548432290537988365e+02	 3.52315173717360874406e+00	 1.10133900475789996420e+01	-1.69752576903690916010e-01	-1.14378109225334467780e+00	 4.98989584282821567740e+01	0.00000000000000000000e+00	 2.77615048462596936130e-19	0.00000000000000000000e+00	 5.95379695197880733082e-03	0.00000000000000000000e+00	0.00000000000000000000e+00	0.00000000000000000000e+00	 6.05026077995097324447e+01	
-7.14011435715913976310e+04	-1.81986270636523864232e+06	-1.93248638707355639781e+04	 1.98595782626268919557e+05	-5.18193092499303475051e+02	-1.26065073029320992646e+04	 6.16199886474856641144e+05	 8.45203644616652525201e+01	0.00000000000000000000e+00	0.00000000000000000000e+00	0.00000000000000000000e+00	 9.98964782422683900222e+05	 4.93471929985389579087e-11	0.00000000000000000000e+00	-4.93542984258965589106e-11	
-3.07531767826179057010e+04	-1.78267686012828303501e+06	-3.15981996255180674780e+04	 1.91285719279253273271e+05	-1.44872842947204219399e+02	-1.13817837645271592919e+04	 6.33831078677291865461e+05	0.00000000000000000000e+00	 8.05489264045466342168e+01	 3.70016517425852953238e-15	0.00000000000000000000e+00	 4.93471929985389579087e-11	 1.00377944229365920182e+06	0.00000000000000000000e+00	-4.93542984258965589106e-11	
 3.20183804745025990997e+04	-1.51708794245012803003e+06	-4.45941252146472543245e+04	 1.61408512237069662660e+05	 3.99831862573732109922e+02	-8.28788349354975434835e+03	 5.52197599263989948668e+05	0.00000000000000000000e+00	0.00000000000000000000e+00	 6.63155721731205858305e+01	0.00000000000000000000e+00	0.00000000000000000000e+00	0.00000000000000000000e+00	 8.77453253772506141104e+05	0.00000000000000000000e+00	
 1.56203752667882828973e+05	-1.45210892585781216621e+06	-7.86781991435894451570e+04	 1.56327280335546704009e+05	 1.49160702272569005800e+03	-4.92523961023855463282e+03	 5.15905997728772228584e+05	0.00000000000000000000e+00	-3.70016517425852953238e-15	-3.70016517425852953238e-15	 6.05026077995097324447e+01	-4.93542984258965589106e-11	-4.93542984258965589106e-11	0.00000000000000000000e+00	 8.68512097150905174203e+05	
