#          Omega_b,                h,              n_s,           sigma8,       N_eff_camb,        m_nu_camb,     Omega_m_camb,          P_shot0,          P_shot1,          P_shot2,          P_shot3,      lnbsigma8_0,      lnbsigma8_1,      lnbsigma8_2,      lnbsigma8_3
 4.76605960290993377566e+06	-2.35896941013814648613e+04	-8.96335488663419149816e+05	 2.54451528756045881892e+04	 3.95872246642300597159e+04	 7.32280020987765456084e+04	-1.66733977762730885297e+06	-4.01577184115083554161e+01	-3.66220987834828122232e+01	-2.79429893819504187036e+01	-2.12744875840110054810e+01	-7.54006923109718190972e+04	-3.47544636747058975743e+04	 2.88797961856841029658e+04	 1.54821635036349180155e+05	
-2.35896941013814648613e+04	 1.37134223461578264832e+07	 1.13558358665207502781e+05	-1.67649990280578471720e+06	-3.30845403643140070926e+03	-4.90175637939039661433e+04	-4.05041751171234995127e+06	-1.73020254243035680020e+02	-1.59898834410727374689e+02	-1.27599708229224120259e+02	-1.12224635115021285969e+02	-1.84926825666694203392e+06	-1.81440266282936232165e+06	-1.54728959370238962583e+06	-1.48609667988485237584e+06	
-8.96335488663419149816e+05	 1.13558358665207502781e+05	 2.53285732334745116532e+05	-4.00435979965391961741e+04	-7.95245782259686620819e+03	-2.10438274619228759548e+04	 3.14982769198074936867e+05	 8.70995540885109065243e+00	 7.65584500683869428883e+00	 5.51823116944522062965e+00	 3.64688040348851494343e+00	-1.85358110846468116506e+04	-3.09051204041042001336e+04	-4.42066256275818304857e+04	-7.89753636036662792321e+04	
 2.54451528756045881892e+04	-1.67649990280578471720e+06	-4.00435979965391961741e+04	 2.70835439904159400612e+05	 5.38956174069069447796e+02	 1.08709522448692023318e+04	 3.29453979927744774614e+05	 1.80698202575810960013e+01	 1.63585541391630187036e+01	 1.28564177159984556198e+01	 1.12825557001207279484e+01	 2.01818859112175909104e+05	 1.94685896098520024680e+05	 1.64585210199464869220e+05	 1.59916445570569834672e+05	
 3.95872246642300597159e+04	-3.30845403643140070926e+03	-7.95245782259686620819e+03	 5.38956174069069447796e+02	 3.61163005009766948206e+02	 6.26884703266540782352e+02	-1.31193681723477657215e+04	-3.22690215729930618416e-01	-2.91521134870537157457e-01	-2.19712067124928467354e-01	-1.62791256822035351748e-01	-3.53552100461194129366e+02	 1.51446540223060672758e+01	 5.39077654459572841006e+02	 1.64190029641332739629e+03	
 7.32280020987765456084e+04	-4.90175637939039661433e+04	-2.10438274619228759548e+04	 1.08709522448692023318e+04	 6.26884703266540782352e+02	 2.13972102488670725506e+03	-2.17590492582180086174e+04	-2.38106564126367076240e-01	-1.56067254600269517129e-01	-5.83568142553049160060e-02	 6.03870271851393511375e-02	 5.18613361812903531245e+03	 6.42503312044665744907e+03	 7.12649455334828235209e+03	 1.00579839653896597156e+04	
-1.66733977762730885297e+06	-4.05041751171234995127e+06	 3.14982769198074936867e+05	 3.29453979927744774614e+05	-1.31193681723477657215e+04	-2.17590492582180086174e+04	 2.35528015105954278260e+06	 6.84242239709600426067e+01	 6.67503449247699762736e+01	 5.57841417902328799983e+01	 5.09498329030944390183e+01	 6.24465649305995088071e+05	 6.43651808236316894181e+05	 5.62198608503809431568e+05	 5.27502464817996835336e+05	
-4.01577184115083554161e+01	-1.73020254243035680020e+02	 8.70995540885109065243e+00	 1.80698202575810960013e+01	-3.22690215729930618416e-01	-2.38106564126367076240e-01	 6.84242239709600426067e+01	 9.70924980614471661022e-03	0.00000000000000000000e+00	0.00000000000000000000e+00	0.00000000000000000000e+00	 8.57563432705983075266e+01	0.00000000000000000000e+00	0.00000000000000000000e+00	0.00000000000000000000e+00	
-3.66220987834828122232e+01	-1.59898834410727374689e+02	 7.65584500683869428883e+00	 1.63585541391630187036e+01	-2.91521134870537157457e-01	-1.56067254600269517129e-01	 6.67503449247699762736e+01	0.00000000000000000000e+00	 8.84807641454595644737e-03	0.00000000000000000000e+00	0.00000000000000000000e+00	0.00000000000000000000e+00	 8.18504213854874080880e+01	0.00000000000000000000e+00	0.00000000000000000000e+00	
-2.79429893819504187036e+01	-1.27599708229224120259e+02	 5.51823116944522062965e+00	 1.28564177159984556198e+01	-2.19712067124928467354e-01	-5.83568142553049160060e-02	 5.57841417902328799983e+01	0.00000000000000000000e+00	0.00000000000000000000e+00	 6.97115418082522916160e-03	0.00000000000000000000e+00	0.00000000000000000000e+00	0.00000000000000000000e+00	 6.75376243480607598713e+01	0.00000000000000000000e+00	
-2.12744875840110054810e+01	-1.12224635115021285969e+02	 3.64688040348851494343e+00	 1.12825557001207279484e+01	-1.62791256822035351748e-01	 6.03870271851393511375e-02	 5.09498329030944390183e+01	0.00000000000000000000e+00	0.00000000000000000000e+00	0.00000000000000000000e+00	 6.08094581129156337013e-03	0.00000000000000000000e+00	0.00000000000000000000e+00	0.00000000000000000000e+00	 6.18513627119989166658e+01	
-7.54006923109718190972e+04	-1.84926825666694203392e+06	-1.85358110846468116506e+04	 2.01818859112175909104e+05	-3.53552100461194129366e+02	 5.18613361812903531245e+03	 6.24465649305995088071e+05	 8.57563432705983075266e+01	0.00000000000000000000e+00	0.00000000000000000000e+00	0.00000000000000000000e+00	 1.01262495562520099338e+06	0.00000000000000000000e+00	0.00000000000000000000e+00	0.00000000000000000000e+00	
-3.47544636747058975743e+04	-1.81440266282936232165e+06	-3.09051204041042001336e+04	 1.94685896098520024680e+05	 1.51446540223060672758e+01	 6.42503312044665744907e+03	 6.43651808236316894181e+05	0.00000000000000000000e+00	 8.18504213854874080880e+01	0.00000000000000000000e+00	0.00000000000000000000e+00	0.00000000000000000000e+00	 1.01918415979903098196e+06	0.00000000000000000000e+00	0.00000000000000000000e+00	
 2.88797961856841029658e+04	-1.54728959370238962583e+06	-4.42066256275818304857e+04	 1.64585210199464869220e+05	 5.39077654459572841006e+02	 7.12649455334828235209e+03	 5.62198608503809431568e+05	0.00000000000000000000e+00	0.00000000000000000000e+00	 6.75376243480607598713e+01	0.00000000000000000000e+00	0.00000000000000000000e+00	0.00000000000000000000e+00	 8.92885564478696091101e+05	0.00000000000000000000e+00	
 1.54821635036349180155e+05	-1.48609667988485237584e+06	-7.89753636036662792321e+04	 1.59916445570569834672e+05	 1.64190029641332739629e+03	 1.00579839653896597156e+04	 5.27502464817996835336e+05	0.00000000000000000000e+00	0.00000000000000000000e+00	0.00000000000000000000e+00	 6.18513627119989166658e+01	0.00000000000000000000e+00	0.00000000000000000000e+00	0.00000000000000000000e+00	 8.86988570860918611288e+05	
