#          Omega_b,                h,              n_s,           sigma8,       N_eff_camb,        m_nu_camb,     Omega_m_camb,          P_shot0,          P_shot1,          P_shot2,          P_shot3,      lnbsigma8_0,      lnbsigma8_1,      lnbsigma8_2,      lnbsigma8_3
 4.71159827744134049863e+06	-4.51331520002489560284e+04	-8.88617347709918161854e+05	 3.05761886405814257159e+04	 3.91929712879073995282e+04	 9.12927484493993106298e+04	-1.64141210964110447094e+06	-3.94882584326393129004e+01	-3.59349827890322544022e+01	-2.73333533940496948844e+01	-2.06935533496916832519e+01	-7.07047405921827885322e+04	-3.01169958618821729033e+04	 3.24942635521480551688e+04	 1.56610015220162284095e+05	
-4.51331520002489560284e+04	 1.36635892941748220474e+07	 1.19808219104510048055e+05	-1.70188114119073888287e+06	-1.76237034243424000124e+03	 9.51600768884143471951e+04	-3.85115729652132466435e+06	-1.71220152638761021535e+02	-1.57956858357814098781e+02	-1.25753020107867584443e+02	-1.10187049310998872897e+02	-1.82124254081896669231e+06	-1.78463923505434975959e+06	-1.51947527221234980971e+06	-1.45575497805895144120e+06	
-8.88617347709918161854e+05	 1.19808219104510048055e+05	 2.50936117396705260035e+05	-4.18316108248391392408e+04	-7.86394312982432711578e+03	-2.26674789754652665579e+04	 3.11397954193097597454e+05	 8.54727344408002664977e+00	 7.49382045156982812273e+00	 5.38049813445510061172e+00	 3.52683361931692029856e+00	-1.94045838297836162383e+04	-3.16619880700785070076e+04	-4.46361990923883495270e+04	-7.87341437909454252804e+04	
 3.05761886405814257159e+04	-1.70188114119073888287e+06	-4.18316108248391392408e+04	 2.81501186967267247383e+05	 3.25659987118996184563e+02	-9.70370802428508795856e+03	 2.98086941893432755023e+05	 1.80090743016684626809e+01	 1.62899245607217793008e+01	 1.27877086884589701299e+01	 1.12009616692188505027e+01	 2.00001057052804098930e+05	 1.92936672322642931249e+05	 1.63134330142116086790e+05	 1.58577835992284642998e+05	
 3.91929712879073995282e+04	-1.76237034243424000124e+03	-7.86394312982432711578e+03	 3.25659987118996184563e+02	 3.57659473579268933463e+02	 7.72323181653247502254e+02	-1.33078693963977111707e+04	-3.35457546728007427461e-01	-3.02619065710968360161e-01	-2.28015854873947848569e-01	-1.69807314002844961243e-01	-5.12897242841032266369e+02	-1.40359547085422434520e+02	 4.02957135887735717006e+02	 1.49410199945638032659e+03	
 9.12927484493993106298e+04	 9.51600768884143471951e+04	-2.26674789754652665579e+04	-9.70370802428508795856e+03	 7.72323181653247502254e+02	 3.18391977828294238861e+03	-6.43758190197911608266e+04	-1.97812851625896923835e+00	-1.79534292288643482216e+00	-1.39058040336866106657e+00	-1.13957366820827132869e+00	-1.25499420259985272423e+04	-1.13372427865280333208e+04	-8.26585283702731976518e+03	-4.93897888951853383332e+03	
-1.64141210964110447094e+06	-3.85115729652132466435e+06	 3.11397954193097597454e+05	 2.98086941893432755023e+05	-1.33078693963977111707e+04	-6.43758190197911608266e+04	 2.30850761836091242731e+06	 6.65281994799063625123e+01	 6.47372384116605132931e+01	 5.39511456028723301870e+01	 4.90557086076332495850e+01	 6.06235262905869516544e+05	 6.22936992122035240754e+05	 5.42065060330646345392e+05	 5.05156791950945334975e+05	
-3.94882584326393129004e+01	-1.71220152638761021535e+02	 8.54727344408002664977e+00	 1.80090743016684626809e+01	-3.35457546728007427461e-01	-1.97812851625896923835e+00	 6.65281994799063625123e+01	 9.57914322916825038134e-03	 2.76979773752156210875e-19	0.00000000000000000000e+00	0.00000000000000000000e+00	 8.42469375985272677099e+01	0.00000000000000000000e+00	0.00000000000000000000e+00	0.00000000000000000000e+00	
-3.59349827890322544022e+01	-1.57956858357814098781e+02	 7.49382045156982812273e+00	 1.62899245607217793008e+01	-3.02619065710968360161e-01	-1.79534292288643482216e+00	 6.47372384116605132931e+01	 2.76979773752156210875e-19	 8.71587610151028195637e-03	0.00000000000000000000e+00	0.00000000000000000000e+00	-3.70016517425852953238e-15	 8.02909997877321330861e+01	-3.70076148545339655982e-15	0.00000000000000000000e+00	
-2.73333533940496948844e+01	-1.25753020107867584443e+02	 5.38049813445510061172e+00	 1.27877086884589701299e+01	-2.28015854873947848569e-01	-1.39058040336866106657e+00	 5.39511456028723301870e+01	0.00000000000000000000e+00	0.00000000000000000000e+00	 6.85043921235177315221e-03	0.00000000000000000000e+00	0.00000000000000000000e+00	0.00000000000000000000e+00	 6.61071088512272950766e+01	0.00000000000000000000e+00	
-2.06935533496916832519e+01	-1.10187049310998872897e+02	 3.52683361931692029856e+00	 1.12009616692188505027e+01	-1.69807314002844961243e-01	-1.13957366820827132869e+00	 4.90557086076332495850e+01	0.00000000000000000000e+00	0.00000000000000000000e+00	0.00000000000000000000e+00	 5.95147015568800365898e-03	-3.70016517425852953238e-15	0.00000000000000000000e+00	-3.70076148545339655982e-15	 6.03225630903564962182e+01	
-7.07047405921827885322e+04	-1.82124254081896669231e+06	-1.94045838297836162383e+04	 2.00001057052804098930e+05	-5.12897242841032266369e+02	-1.25499420259985272423e+04	 6.06235262905869516544e+05	 8.42469375985272677099e+01	-3.70016517425852953238e-15	0.00000000000000000000e+00	-3.70016517425852953238e-15	 9.94659857019440503791e+05	-4.93400875711813569069e-11	0.00000000000000000000e+00	-4.93400875711813569069e-11	
-3.01169958618821729033e+04	-1.78463923505434975959e+06	-3.16619880700785070076e+04	 1.92936672322642931249e+05	-1.40359547085422434520e+02	-1.13372427865280333208e+04	 6.22936992122035240754e+05	0.00000000000000000000e+00	 8.02909997877321330861e+01	0.00000000000000000000e+00	0.00000000000000000000e+00	-4.93400875711813569069e-11	 9.99577136879557278007e+05	 4.93431961956503073452e-11	 9.86801751423627138138e-11	
 3.24942635521480551688e+04	-1.51947527221234980971e+06	-4.46361990923883495270e+04	 1.63134330142116086790e+05	 4.02957135887735717006e+02	-8.26585283702731976518e+03	 5.42065060330646345392e+05	0.00000000000000000000e+00	-3.70076148545339655982e-15	 6.61071088512272950766e+01	-3.70076148545339655982e-15	0.00000000000000000000e+00	 4.93431961956503073452e-11	 8.73956672146227676421e+05	0.00000000000000000000e+00	
 1.56610015220162284095e+05	-1.45575497805895144120e+06	-7.87341437909454252804e+04	 1.58577835992284642998e+05	 1.49410199945638032659e+03	-4.93897888951853383332e+03	 5.05156791950945334975e+05	0.00000000000000000000e+00	0.00000000000000000000e+00	0.00000000000000000000e+00	 6.03225630903564962182e+01	-4.93400875711813569069e-11	 9.86801751423627138138e-11	0.00000000000000000000e+00	 8.65449365067120874301e+05	
