#           w0_fld,           wa_fld,          Omega_b,                h,              n_s,           sigma8,       N_eff_camb,        m_nu_camb,     Omega_m_camb,          P_shot0,          P_shot1,          P_shot2,          P_shot3,      lnbsigma8_0,      lnbsigma8_1,      lnbsigma8_2,      lnbsigma8_3
 7.32610547084280260606e+04	 1.72576271713693422498e+04	 7.85984790909927542089e+04	-7.81122907684720121324e+05	-5.66593026786453483510e+04	 8.92408906516595598077e+04	 6.48262187329986886652e+02	 6.69557965877377864672e+03	 2.50574487076644640183e+05	 8.88080252856555674157e+00	 8.93082682613194478449e+00	 7.60073817242854588017e+00	 7.14252548375170892569e+00	 1.26332105856839931221e+05	 1.30745695472258783411e+05	 1.16497920221819396829e+05	 1.18382816524198729894e+05	
 1.72576271713693422498e+04	 4.44507160819948876451e+03	 2.08914428417091039591e+04	-1.58047101349227421451e+05	-1.37034227351520821685e+04	 1.39789818385673770536e+04	 1.73788040857505791337e+02	 1.36689522327819804559e+03	 6.34930073395333602093e+04	 1.75944716384892529959e+00	 1.93753364954575157952e+00	 1.76121975029954080938e+00	 1.75407214853041670821e+00	 2.63772419498235030915e+04	 2.95841889425188783207e+04	 2.79022682054932447500e+04	 2.97582776596177864121e+04	
 7.85984790909927542089e+04	 2.08914428417091039591e+04	 4.76557524263537302613e+06	-2.55630459871428611223e+04	-8.96484180172296706587e+05	 2.52404830827749683522e+04	 3.87572821967877389397e+04	 7.56995035783296625596e+04	-1.66812705003161076456e+06	-4.01872785824724871873e+01	-3.66516800843504029217e+01	-2.79676144424967390023e+01	-2.12961005433163066414e+01	-7.57067181137717416277e+04	-3.50399206280946673360e+04	 2.86573076937424993957e+04	 1.54640013068505853880e+05	
-7.81122907684720121324e+05	-1.58047101349227421451e+05	-2.55630459871428611223e+04	 1.37152851509414706379e+07	 1.13771313475585338892e+05	-1.67649184338104911149e+06	-2.39651763794750513625e+03	-4.69561663368958252249e+04	-4.05098124745841603726e+06	-1.72996006637904145009e+02	-1.59877729103631281760e+02	-1.27593651298358125246e+02	-1.12229260866019274090e+02	-1.84922672850836766884e+06	-1.81439269213792169467e+06	-1.54739073864921438508e+06	-1.48633812432668358088e+06	
-5.66593026786453483510e+04	-1.37034227351520821685e+04	-8.96484180172296706587e+05	 1.13771313475585338892e+05	 2.53279110778901173035e+05	-4.00248913585686823353e+04	-7.70394899151687241101e+03	-2.17754169257845787797e+04	 3.15038116899994085543e+05	 8.71357346402097654448e+00	 7.65905574892684271049e+00	 5.52077895305821719774e+00	 3.64912815995672001890e+00	-1.85052624577205278911e+04	-3.08763229741602117429e+04	-4.41830384306664636824e+04	-7.89556138254123652587e+04	
 8.92408906516595598077e+04	 1.39789818385673770536e+04	 2.52404830827749683522e+04	-1.67649184338104911149e+06	-4.00248913585686823353e+04	 2.70827028079655370675e+05	 3.52772434169256030145e+02	 1.06397488879394495598e+04	 3.29490179561040247791e+05	 1.80692655072439691821e+01	 1.63564175250506416148e+01	 1.28563040967297119721e+01	 1.12841231545979674422e+01	 2.01808161493988300208e+05	 1.94659076807327044662e+05	 1.64583138732974766754e+05	 1.59941385662110755220e+05	
 6.48262187329986886652e+02	 1.73788040857505791337e+02	 3.87572821967877389397e+04	-2.39651763794750513625e+03	-7.70394899151687241101e+03	 3.52772434169256030145e+02	 3.47598654409357948225e+02	 6.21160358994091438944e+02	-1.29634188331667646708e+04	-3.23477430024487699889e-01	-2.92983086354757560343e-01	-2.21659266952619726787e-01	-1.65839722429586527985e-01	-4.54335476865885880216e+02	-9.99761216621021446826e+01	 4.20792121356066047611e+02	 1.48946640036171493193e+03	
 6.69557965877377864672e+03	 1.36689522327819804559e+03	 7.56995035783296625596e+04	-4.69561663368958252249e+04	-2.17754169257845787797e+04	 1.06397488879394495598e+04	 6.21160358994091438944e+02	 2.22943008806106217889e+03	-2.30870769559781438147e+04	-2.95831750465816889495e-01	-2.08282027307631567581e-01	-9.81867727718509220036e-02	 2.91394060153265244129e-02	 4.99804895857149131189e+03	 6.26346915067417103273e+03	 7.02967225454513027216e+03	 1.00551893974645863636e+04	
 2.50574487076644640183e+05	 6.34930073395333602093e+04	-1.66812705003161076456e+06	-4.05098124745841603726e+06	 3.15038116899994085543e+05	 3.29490179561040247791e+05	-1.29634188331667646708e+04	-2.30870769559781438147e+04	 2.35523950336498720571e+06	 6.84215115595560376960e+01	 6.67434722556269548477e+01	 5.57801151548826936732e+01	 5.09504510121873579465e+01	 6.24434040244571981020e+05	 6.43574591320559033193e+05	 5.62177442159708356485e+05	 5.27570631640409468673e+05	
 8.88080252856555674157e+00	 1.75944716384892529959e+00	-4.01872785824724871873e+01	-1.72996006637904145009e+02	 8.71357346402097654448e+00	 1.80692655072439691821e+01	-3.23477430024487699889e-01	-2.95831750465816889495e-01	 6.84215115595560376960e+01	 9.70988373610091534682e-03	-2.82061971435682012910e-19	-2.75073949620834035112e-19	0.00000000000000000000e+00	 8.57564651081198121574e+01	0.00000000000000000000e+00	0.00000000000000000000e+00	0.00000000000000000000e+00	
 8.93082682613194478449e+00	 1.93753364954575157952e+00	-3.66516800843504029217e+01	-1.59877729103631281760e+02	 7.65905574892684271049e+00	 1.63564175250506416148e+01	-2.92983086354757560343e-01	-2.08282027307631567581e-01	 6.67434722556269548477e+01	-2.82061971435682012910e-19	 8.84863275048815810242e-03	0.00000000000000000000e+00	0.00000000000000000000e+00	0.00000000000000000000e+00	 8.18514936470719618455e+01	0.00000000000000000000e+00	0.00000000000000000000e+00	
 7.60073817242854588017e+00	 1.76121975029954080938e+00	-2.79676144424967390023e+01	-1.27593651298358125246e+02	 5.52077895305821719774e+00	 1.28563040967297119721e+01	-2.21659266952619726787e-01	-9.81867727718509220036e-02	 5.57801151548826936732e+01	-2.75073949620834035112e-19	0.00000000000000000000e+00	 6.97141375517047832272e-03	0.00000000000000000000e+00	0.00000000000000000000e+00	0.00000000000000000000e+00	 6.75364471659261909053e+01	0.00000000000000000000e+00	
 7.14252548375170892569e+00	 1.75407214853041670821e+00	-2.12961005433163066414e+01	-1.12229260866019274090e+02	 3.64912815995672001890e+00	 1.12841231545979674422e+01	-1.65839722429586527985e-01	 2.91394060153265244129e-02	 5.09504510121873579465e+01	0.00000000000000000000e+00	0.00000000000000000000e+00	0.00000000000000000000e+00	 6.08099910788720970922e-03	0.00000000000000000000e+00	0.00000000000000000000e+00	0.00000000000000000000e+00	 6.18487314933602760902e+01	
 1.26332105856839931221e+05	 2.63772419498235030915e+04	-7.57067181137717416277e+04	-1.84922672850836766884e+06	-1.85052624577205278911e+04	 2.01808161493988300208e+05	-4.54335476865885880216e+02	 4.99804895857149131189e+03	 6.24434040244571981020e+05	 8.57564651081198121574e+01	0.00000000000000000000e+00	0.00000000000000000000e+00	0.00000000000000000000e+00	 1.01260294077753589954e+06	-4.84874362882692366838e-11	-4.89790430435732559999e-11	0.00000000000000000000e+00	
 1.30745695472258783411e+05	 2.95841889425188783207e+04	-3.50399206280946673360e+04	-1.81439269213792169467e+06	-3.08763229741602117429e+04	 1.94659076807327044662e+05	-9.99761216621021446826e+01	 6.26346915067417103273e+03	 6.43574591320559033193e+05	0.00000000000000000000e+00	 8.18514936470719618455e+01	0.00000000000000000000e+00	0.00000000000000000000e+00	-4.84874362882692366838e-11	 1.01918548066087509505e+06	-4.98783236935196327977e-11	0.00000000000000000000e+00	
 1.16497920221819396829e+05	 2.79022682054932447500e+04	 2.86573076937424993957e+04	-1.54739073864921438508e+06	-4.41830384306664636824e+04	 1.64583138732974766754e+05	 4.20792121356066047611e+02	 7.02967225454513027216e+03	 5.62177442159708356485e+05	0.00000000000000000000e+00	0.00000000000000000000e+00	 6.75364471659261909053e+01	0.00000000000000000000e+00	-4.89790430435732559999e-11	-4.98783236935196327977e-11	 8.92866868539273040369e+05	 2.52953213930595666170e-11	
 1.18382816524198729894e+05	 2.97582776596177864121e+04	 1.54640013068505853880e+05	-1.48633812432668358088e+06	-7.89556138254123652587e+04	 1.59941385662110755220e+05	 1.48946640036171493193e+03	 1.00551893974645863636e+04	 5.27570631640409468673e+05	0.00000000000000000000e+00	0.00000000000000000000e+00	0.00000000000000000000e+00	 6.18487314933602760902e+01	0.00000000000000000000e+00	0.00000000000000000000e+00	 2.52953213930595666170e-11	 8.86966037640013964847e+05	
