#           w0_fld,           wa_fld,          Omega_b,                h,              n_s,           sigma8,     Omega_m_camb,          P_shot0,          P_shot1,          P_shot2,          P_shot3,      lnbsigma8_0,      lnbsigma8_1,      lnbsigma8_2,      lnbsigma8_3
 7.04073968083582440158e+04	 1.63959372449478978524e+04	 8.06507248313866730314e+04	-7.68738072417594143189e+05	-5.60608527640938191325e+04	 8.78662321509183966555e+04	 2.37318472608621319523e+05	 8.41083350300787913056e+00	 8.51681757523826377110e+00	 7.28869136437680431584e+00	 6.88972811995206413371e+00	 1.22567301306521665538e+05	 1.27281545811078394763e+05	 1.13794708279879181646e+05	 1.16155977423029151396e+05	
 1.63959372449478978524e+04	 4.28288554245517389063e+03	 2.12915423128279362572e+04	-1.48580939351301873103e+05	-1.34414330701609433163e+04	 1.23116879147950367042e+04	 6.10928235454065579688e+04	 1.62103178026997296612e+00	 1.80322590745413746660e+00	 1.65191989794971116901e+00	 1.65781529799815929849e+00	 2.52044255935305664025e+04	 2.83696471665697245044e+04	 2.68464762689069502812e+04	 2.87514408695076344884e+04	
 8.06507248313866730314e+04	 2.12915423128279362572e+04	 4.61562806479160208255e+06	-1.93266838425359237590e+04	-8.84700362949945265427e+05	 2.81885601005161297508e+04	-1.60839611505868146196e+06	-3.85683504910689691769e+01	-3.51170391589184163195e+01	-2.67514169048681793583e+01	-2.03146148348438053688e+01	-7.12073539118116750615e+04	-3.08818067498687159969e+04	 3.15092993630565688363e+04	 1.55567406802137615159e+05	
-7.68738072417594143189e+05	-1.48580939351301873103e+05	-1.93266838425359237590e+04	 1.41023564823015592992e+07	 1.10909053933238843456e+05	-1.74037380354747292586e+06	-3.90088615323270764202e+06	-1.72332538298457336623e+02	-1.59216624357373632392e+02	-1.27025839039310298517e+02	-1.11690624058916867511e+02	-1.86037825448233634233e+06	-1.82523093956642830744e+06	-1.55668602955986000597e+06	-1.49564072247828170657e+06	
-5.60608527640938191325e+04	-1.34414330701609433163e+04	-8.84700362949945265427e+05	 1.10909053933238843456e+05	 2.53423235460164956748e+05	-4.10607655993760054116e+04	 3.11766351381739543285e+05	 8.59049907117212541152e+00	 7.55154634820546988294e+00	 5.44454546095158420371e+00	 3.60208147930311195495e+00	-1.83839575771721283672e+04	-3.07272636402287826058e+04	-4.40166529136007302441e+04	-7.87321829799302213360e+04	
 8.78662321509183966555e+04	 1.23116879147950367042e+04	 2.81885601005161297508e+04	-1.74037380354747292586e+06	-4.10607655993760054116e+04	 2.84966593749996449333e+05	 2.98847781859444163274e+05	 1.79438048757669825761e+01	 1.62481067166421091486e+01	 1.27783416560041587218e+01	 1.12302655363454135795e+01	 2.02327696234202303458e+05	 1.95376726555819332134e+05	 1.65454862398083263543e+05	 1.61283769864216970745e+05	
 2.37318472608621319523e+05	 6.10928235454065579688e+04	-1.60839611505868146196e+06	-3.90088615323270764202e+06	 3.11766351381739543285e+05	 2.98847781859444163274e+05	 2.28359006693160487339e+06	 6.55158258232763444084e+01	 6.38388630274489230487e+01	 5.33095327307132436090e+01	 4.86396022962645915300e+01	 6.07632390905094915070e+05	 6.25106138830842217430e+05	 5.45001254130149725825e+05	 5.09762847594609018415e+05	
 8.41083350300787913056e+00	 1.62103178026997296612e+00	-3.85683504910689691769e+01	-1.72332538298457336623e+02	 8.59049907117212541152e+00	 1.79438048757669825761e+01	 6.55158258232763444084e+01	 9.39736621210697509188e-03	0.00000000000000000000e+00	0.00000000000000000000e+00	0.00000000000000000000e+00	 8.40439057022608437819e+01	0.00000000000000000000e+00	0.00000000000000000000e+00	0.00000000000000000000e+00	
 8.51681757523826377110e+00	 1.80322590745413746660e+00	-3.51170391589184163195e+01	-1.59216624357373632392e+02	 7.55154634820546988294e+00	 1.62481067166421091486e+01	 6.38388630274489230487e+01	0.00000000000000000000e+00	 8.56399388578991602183e-03	 4.36433726072778249705e-19	0.00000000000000000000e+00	0.00000000000000000000e+00	 8.02288147163710476661e+01	0.00000000000000000000e+00	0.00000000000000000000e+00	
 7.28869136437680431584e+00	 1.65191989794971116901e+00	-2.67514169048681793583e+01	-1.27025839039310298517e+02	 5.44454546095158420371e+00	 1.27783416560041587218e+01	 5.33095327307132436090e+01	0.00000000000000000000e+00	 4.36433726072778249705e-19	 6.74651492099478250486e-03	-3.91964496341927481904e-19	0.00000000000000000000e+00	0.00000000000000000000e+00	 6.62024022091630683917e+01	0.00000000000000000000e+00	
 6.88972811995206413371e+00	 1.65781529799815929849e+00	-2.03146148348438053688e+01	-1.11690624058916867511e+02	 3.60208147930311195495e+00	 1.12302655363454135795e+01	 4.86396022962645915300e+01	0.00000000000000000000e+00	0.00000000000000000000e+00	-3.91964496341927481904e-19	 5.88347467296143275539e-03	0.00000000000000000000e+00	0.00000000000000000000e+00	0.00000000000000000000e+00	 6.06281667002872382000e+01	
 1.22567301306521665538e+05	 2.52044255935305664025e+04	-7.12073539118116750615e+04	-1.86037825448233634233e+06	-1.83839575771721283672e+04	 2.02327696234202303458e+05	 6.07632390905094915070e+05	 8.40439057022608437819e+01	0.00000000000000000000e+00	0.00000000000000000000e+00	0.00000000000000000000e+00	 1.00730712953504745383e+06	-3.39852590514055918902e-11	 3.43276518321999901673e-11	0.00000000000000000000e+00	
 1.27281545811078394763e+05	 2.83696471665697245044e+04	-3.08818067498687159969e+04	-1.82523093956642830744e+06	-3.07272636402287826058e+04	 1.95376726555819332134e+05	 6.25106138830842217430e+05	0.00000000000000000000e+00	 8.02288147163710476661e+01	0.00000000000000000000e+00	0.00000000000000000000e+00	-3.39852590514055918902e-11	 1.01382261182080674917e+06	0.00000000000000000000e+00	0.00000000000000000000e+00	
 1.13794708279879181646e+05	 2.68464762689069502812e+04	 3.15092993630565688363e+04	-1.55668602955986000597e+06	-4.40166529136007302441e+04	 1.65454862398083263543e+05	 5.45001254130149725825e+05	0.00000000000000000000e+00	0.00000000000000000000e+00	 6.62024022091630683917e+01	0.00000000000000000000e+00	 3.43276518321999901673e-11	0.00000000000000000000e+00	 8.88151054924840573221e+05	0.00000000000000000000e+00	
 1.16155977423029151396e+05	 2.87514408695076344884e+04	 1.55567406802137615159e+05	-1.49564072247828170657e+06	-7.87321829799302213360e+04	 1.61283769864216970745e+05	 5.09762847594609018415e+05	0.00000000000000000000e+00	0.00000000000000000000e+00	0.00000000000000000000e+00	 6.06281667002872382000e+01	0.00000000000000000000e+00	0.00000000000000000000e+00	0.00000000000000000000e+00	 8.82313377340319799259e+05	
