#          Omega_b,                h,              n_s,           sigma8,       N_eff_camb,        m_nu_camb,     Omega_m_camb,           bias_1,           bias_2,           bias_3,           bias_4,           bias_5,           bias_6,           bias_7,           bias_8,           bias_9,          bias_10,              aIA,            etaIA
 9.32882986677786854514e-06	 1.56758849916559012301e-05	-4.47426879126450854749e-06	-2.43008291543986844342e-07	-8.16398373100013529692e-04	 4.54284242585510770779e-06	 3.06309985251989383279e-07	 5.44430389785958424336e-07	 4.68186623706099890868e-07	 5.33318200854205723894e-07	 6.64597872594721676679e-08	 7.31966813653438765222e-08	 6.50743291005810529474e-07	-1.35286804493570375971e-07	 2.34058627337174489651e-08	-4.17069813566579145658e-08	 1.86350267664282452370e-07	-2.88917765492345006884e-05	 1.92307492182579265957e-05	
 1.56758849916559012301e-05	 5.66614751257102106791e-04	-1.64189614161098113585e-04	-6.89472906666159584762e-06	 7.46125503932146705993e-03	 3.16101133556585334530e-04	 3.13934078546289057617e-06	-5.04173974982164104685e-06	-1.08300567405324517530e-05	-1.32470675572407180031e-05	-1.85392682889429753637e-05	-2.27145886124294168519e-05	-2.47618386306983350202e-05	-2.90208026077159925756e-05	-3.42378289454042596964e-05	-3.59421814432561809670e-05	-3.98246046497271753207e-05	-5.62855995900853189472e-05	 2.35860678576568045736e-05	
-4.47426879126450854749e-06	-1.64189614161098113585e-04	 5.88669913333380182886e-05	 3.24956589403288555987e-06	-1.77106491986093301204e-03	-1.38109456345082844912e-04	-2.06733428530362600386e-06	 2.51644863062393819796e-06	 5.31351003266088729455e-06	 6.15375857478997694385e-06	 8.23398789723491685488e-06	 1.00413751776586978871e-05	 1.08620707557362381255e-05	 1.25930304984396311199e-05	 1.40954516041757671398e-05	 1.54417896026992751261e-05	 1.75463353015404096473e-05	 7.04219500865183652572e-06	 6.89280912490488524851e-07	
-2.43008291543986844342e-07	-6.89472906666159584762e-06	 3.24956589403288555987e-06	 4.62666076109052618287e-06	-6.31833816478591435515e-05	-7.01164876535399219596e-05	-2.93524200384922663448e-06	-1.45461773457667249498e-06	-1.03072503644371133867e-06	-7.22017334757907736781e-07	-3.60034192906689624724e-07	-1.65158828624053153312e-07	 3.81003573124321488489e-07	 9.74702037079129437772e-07	 1.10284916041928202603e-06	 1.90040979290110625504e-06	 2.95782821279770527810e-06	-1.07586875726039423568e-05	 1.23926707191948863286e-05	
-8.16398373100013529692e-04	 7.46125503932146705993e-03	-1.77106491986093301204e-03	-6.31833816478591435515e-05	 2.34666347056554369654e-01	 3.13547677579542431736e-03	 3.56147296942015354547e-06	-6.27398063329947012177e-05	-1.13452870649661724848e-04	-1.51109808846701848583e-04	-1.60720442699886290668e-04	-1.98667533476048547474e-04	-3.01362658314990037364e-04	-2.54878942409140086655e-04	-3.67230763173893566629e-04	-3.56767472762203104869e-04	-4.07066565789123216423e-04	 2.70099461578334918907e-03	-2.05446927688307306656e-03	
 4.54284242585510770779e-06	 3.16101133556585334530e-04	-1.38109456345082844912e-04	-7.01164876535399219596e-05	 3.13547677579542431736e-03	 1.48940635991013921140e-03	 4.32606788690445456368e-05	-9.91902735616695437472e-06	-2.69982786021428965910e-05	-3.32875033375532792981e-05	-4.46579996352876215345e-05	-5.26064838001939077700e-05	-6.21942667585897399638e-05	-7.36683235401372677777e-05	-7.75949579997692513202e-05	-9.42693341006563083600e-05	-1.17231954893337771140e-04	 1.19221090063631576838e-04	-1.49494807313472490538e-04	
 3.06309985251989383279e-07	 3.13934078546289057617e-06	-2.06733428530362600386e-06	-2.93524200384922663448e-06	 3.56147296942015354547e-06	 4.32606788690445456368e-05	 2.01490042009129385770e-06	 1.20601347569979431198e-06	 9.22390313599905539610e-07	 7.35522010358850163490e-07	 5.18078005373891043619e-07	 4.19718842862274971400e-07	 9.09320182829824537384e-08	-3.20442570115201438666e-07	-3.80930657417690645261e-07	-9.15515679216805471877e-07	-1.53916277133833012472e-06	 8.24453710759491574869e-06	-9.32713728198532044918e-06	
 5.44430389785958424336e-07	-5.04173974982164104685e-06	 2.51644863062393819796e-06	-1.45461773457667249498e-06	-6.27398063329947012177e-05	-9.91902735616695437472e-06	 1.20601347569979431198e-06	 3.78286093435548806150e-06	 4.00454296986151452470e-06	 4.21395062258176302428e-06	 4.50697091090428468763e-06	 4.76115006615516898658e-06	 4.75925572767760129034e-06	 4.50133374082439556351e-06	 4.72331423565917906288e-06	 4.72720187893433034743e-06	 5.09087852361488996746e-06	 4.49413162919607050077e-06	-6.39615483272976325594e-06	
 4.68186623706099890868e-07	-1.08300567405324517530e-05	 5.31351003266088729455e-06	-1.03072503644371133867e-06	-1.13452870649661724848e-04	-2.69982786021428965910e-05	 9.22390313599905539610e-07	 4.00454296986151452470e-06	 5.63256226851075493940e-06	 4.98492158806555640810e-06	 5.77961532835072015334e-06	 5.97821611176246718328e-06	 6.38385468689798805128e-06	 5.93739125375931636860e-06	 6.33236390481277307160e-06	 6.56821223788931374699e-06	 7.12442046099501894731e-06	 8.81223620246407317368e-06	-7.93420659676161389641e-06	
 5.33318200854205723894e-07	-1.32470675572407180031e-05	 6.15375857478997694385e-06	-7.22017334757907736781e-07	-1.51109808846701848583e-04	-3.32875033375532792981e-05	 7.35522010358850163490e-07	 4.21395062258176302428e-06	 4.98492158806555640810e-06	 6.37960870068494523678e-06	 5.50460519322453179322e-06	 6.59554147123929864616e-06	 6.51382204868749401574e-06	 6.53931906615320425978e-06	 6.73364428914827506037e-06	 7.07483458912933897998e-06	 7.71908372832308947037e-06	 1.07099449597269514981e-05	-9.23493741328691924249e-06	
 6.64597872594721676679e-08	-1.85392682889429753637e-05	 8.23398789723491685488e-06	-3.60034192906689624724e-07	-1.60720442699886290668e-04	-4.46579996352876215345e-05	 5.18078005373891043619e-07	 4.50697091090428468763e-06	 5.77961532835072015334e-06	 5.50460519322453179322e-06	 8.21766370620453596768e-06	 6.47261073217144968222e-06	 7.80146513575418630224e-06	 7.28671121993913696086e-06	 7.91970002062049168660e-06	 8.18875279647899938749e-06	 9.19235095518398777023e-06	 1.47496936514134879701e-05	-1.12881388905757467305e-05	
 7.31966813653438765222e-08	-2.27145886124294168519e-05	 1.00413751776586978871e-05	-1.65158828624053153312e-07	-1.98667533476048547474e-04	-5.26064838001939077700e-05	 4.19718842862274971400e-07	 4.76115006615516898658e-06	 5.97821611176246718328e-06	 6.59554147123929864616e-06	 6.47261073217144968222e-06	 9.68767449816114467349e-06	 7.26427413906487970960e-06	 8.50009845207902906363e-06	 8.41942617656189402106e-06	 9.05493658289808303369e-06	 9.95746731840936529119e-06	 1.63892564667506488451e-06	-3.66135099338699897899e-06	
 6.50743291005810529474e-07	-2.47618386306983350202e-05	 1.08620707557362381255e-05	 3.81003573124321488489e-07	-3.01362658314990037364e-04	-6.21942667585897399638e-05	 9.09320182829824537384e-08	 4.75925572767760129034e-06	 6.38385468689798805128e-06	 6.51382204868749401574e-06	 7.80146513575418630224e-06	 7.26427413906487970960e-06	 1.07008757867365878423e-05	 7.64519334639138458092e-06	 9.48858176847734713366e-06	 9.55431700421330026439e-06	 1.09826384752468470142e-05	 2.22028185174885681703e-05	-1.50701169508200335655e-05	
-1.35286804493570375971e-07	-2.90208026077159925756e-05	 1.25930304984396311199e-05	 9.74702037079129437772e-07	-2.54878942409140086655e-04	-7.36683235401372677777e-05	-3.20442570115201438666e-07	 4.50133374082439556351e-06	 5.93739125375931636860e-06	 6.53931906615320425978e-06	 7.28671121993913696086e-06	 8.50009845207902906363e-06	 7.64519334639138458092e-06	 1.14666771871436120927e-05	 8.46517797902941885387e-06	 1.02784873240730871964e-05	 1.13522445435969564524e-05	-1.88668339154978311545e-06	-3.87060049640569611433e-07	
 2.34058627337174489651e-08	-3.42378289454042596964e-05	 1.40954516041757671398e-05	 1.10284916041928202603e-06	-3.67230763173893566629e-04	-7.75949579997692513202e-05	-3.80930657417690645261e-07	 4.72331423565917906288e-06	 6.33236390481277307160e-06	 6.73364428914827506037e-06	 7.91970002062049168660e-06	 8.41942617656189402106e-06	 9.48858176847734713366e-06	 8.46517797902941885387e-06	 1.18224239777038527552e-05	 1.02066121308502876614e-05	 1.21227179848774338153e-05	-1.08387104711418691871e-05	 7.32402437485613452595e-06	
-4.17069813566579145658e-08	-3.59421814432561809670e-05	 1.54417896026992751261e-05	 1.90040979290110625504e-06	-3.56767472762203104869e-04	-9.42693341006563083600e-05	-9.15515679216805471877e-07	 4.72720187893433034743e-06	 6.56821223788931374699e-06	 7.07483458912933897998e-06	 8.18875279647899938749e-06	 9.05493658289808303369e-06	 9.55431700421330026439e-06	 1.02784873240730871964e-05	 1.02066121308502876614e-05	 1.34600287339652158821e-05	 1.28306190458638770167e-05	 4.95201431156829230938e-06	-3.45350442279593886213e-06	
 1.86350267664282452370e-07	-3.98246046497271753207e-05	 1.75463353015404096473e-05	 2.95782821279770527810e-06	-4.07066565789123216423e-04	-1.17231954893337771140e-04	-1.53916277133833012472e-06	 5.09087852361488996746e-06	 7.12442046099501894731e-06	 7.71908372832308947037e-06	 9.19235095518398777023e-06	 9.95746731840936529119e-06	 1.09826384752468470142e-05	 1.13522445435969564524e-05	 1.21227179848774338153e-05	 1.28306190458638770167e-05	 1.76324012084445390749e-05	-3.91937602619588078767e-06	 5.48946275315486685494e-06	
-2.88917765492345006884e-05	-5.62855995900853189472e-05	 7.04219500865183652572e-06	-1.07586875726039423568e-05	 2.70099461578334918907e-03	 1.19221090063631576838e-04	 8.24453710759491574869e-06	 4.49413162919607050077e-06	 8.81223620246407317368e-06	 1.07099449597269514981e-05	 1.47496936514134879701e-05	 1.63892564667506488451e-06	 2.22028185174885681703e-05	-1.88668339154978311545e-06	-1.08387104711418691871e-05	 4.95201431156829230938e-06	-3.91937602619588078767e-06	 1.37106005779424871410e-02	-8.49936607586902065359e-03	
 1.92307492182579265957e-05	 2.35860678576568045736e-05	 6.89280912490488524851e-07	 1.23926707191948863286e-05	-2.05446927688307306656e-03	-1.49494807313472490538e-04	-9.32713728198532044918e-06	-6.39615483272976325594e-06	-7.93420659676161389641e-06	-9.23493741328691924249e-06	-1.12881388905757467305e-05	-3.66135099338699897899e-06	-1.50701169508200335655e-05	-3.87060049640569611433e-07	 7.32402437485613452595e-06	-3.45350442279593886213e-06	 5.48946275315486685494e-06	-8.49936607586902065359e-03	 5.39890993536936911190e-03	
