#           w0_fld,           wa_fld,          Omega_b,                h,              n_s,           sigma8,       N_eff_camb,        m_nu_camb,     Omega_m_camb,           bias_1,           bias_2,           bias_3,           bias_4,           bias_5,           bias_6,           bias_7,           bias_8,           bias_9,          bias_10,              aIA,            etaIA,          P_shot0,          P_shot1,          P_shot2,          P_shot3,      lnbsigma8_0,      lnbsigma8_1,      lnbsigma8_2,      lnbsigma8_3
 1.18768442428685678212e-03	-3.75325894580106613971e-03	 2.02902200258078697903e-05	 3.02104318510160521966e-06	-3.55708686861936430922e-05	-8.06218297275938415103e-05	 6.90902766722363516003e-04	 6.57107987289646696246e-06	 9.19403971494093917452e-05	-9.06205326497332460777e-06	-3.97566137485401665912e-05	-2.93985977859305334080e-05	-2.10241687072893603330e-05	-1.18986555719695926667e-05	-2.80327375394650583944e-06	 1.05670470464966886729e-05	 2.32773166022021517959e-05	 3.97904679526815517479e-05	 6.13508386956833785125e-05	-9.34622027250495775348e-04	 3.22103628427312536821e-04	 1.90474482939406025706e-01	 6.46785870867538636997e-02	 5.00986234269625105991e-03	-8.66354826044682694783e-04	-9.95020937698755419043e-05	-8.61546012407039270937e-05	-7.78109492111120571107e-05	-7.43233984418953218124e-05	
-3.75325894580106613971e-03	 1.35751702416327755391e-02	-7.11900474938718328668e-05	-2.50786217788449635629e-05	 1.30369349254950479171e-04	 3.15634006040579298980e-04	-1.00881971239776034935e-03	-6.97608519998219565872e-04	-3.12925631223970801206e-04	-6.16265865773611286500e-05	-8.72238691841552037435e-06	-5.69381479590626952427e-05	-9.90260289838760057214e-05	-1.43175333136006353862e-04	-1.79052759070662465598e-04	-2.31688492055927953246e-04	-2.83682506385559947762e-04	-3.51110120494076214780e-04	-4.56584435070037943614e-04	 3.23884643439401997272e-03	-1.22238140873180147448e-03	-4.77984478068889717672e-01	-1.63176400694433121341e-01	-3.05963503387034077910e-03	 1.38370438195913963986e-01	 2.35661775417319728672e-04	 1.98595454619347001673e-04	 1.73101657656246594530e-04	 1.53124815080105846276e-04	
 2.02902200258078697903e-05	-7.11900474938718328668e-05	 2.14811772496840784201e-06	-2.85589780844894348885e-07	-1.79584899871954188450e-06	-2.48001072715818470042e-06	-1.90973191360077295710e-04	 3.84510373698586825159e-06	 2.46764659781652519088e-06	 2.00406978109309566859e-06	 1.44935334502863003349e-06	 1.60638297323996056940e-06	 1.74304019315613451763e-06	 1.83741841399998185713e-06	 2.00049532595212266602e-06	 2.36267664690005301510e-06	 2.44734045472615398918e-06	 3.04301247228665273426e-06	 3.47902720140295893409e-06	-2.19259859372597324127e-05	 6.97237264918735070285e-06	 7.12784361140513813247e-04	 2.43797868872293538658e-03	-3.59322821968376311143e-04	-2.24746423877994786975e-03	-2.22095378419359663999e-06	-2.35181191520922285430e-06	-2.07130307306784564722e-06	-1.91453840814973217001e-06	
 3.02104318510160521966e-06	-2.50786217788449635629e-05	-2.85589780844894348885e-07	 1.98370873146824888808e-06	 2.60351752480904497614e-06	 2.41179322045698137526e-06	 9.06277027046779187509e-05	-1.87713375928570035340e-05	-1.91316899170946803772e-06	-3.01131310740972008474e-06	-2.00174991680829733744e-06	-1.56980719559944854062e-06	-1.12211921318818948814e-06	-9.21897665197128194411e-07	-4.53913553257065596159e-07	-4.85630013411689758645e-07	-2.53077858999920275825e-07	 2.22402470032592603096e-07	 6.64200626973174231466e-07	 6.50830577464391782751e-06	 2.86488546506122437524e-06	 1.19223775350600011413e-02	 8.80389933982982098026e-03	 9.04477886067115571800e-03	 1.01514079332875924860e-02	 3.71495636901283765604e-06	 4.10535527398726133756e-06	 4.14514883691547409935e-06	 4.07873289586952338088e-06	
-3.55708686861936430922e-05	 1.30369349254950479171e-04	-1.79584899871954188450e-06	 2.60351752480904497614e-06	 2.64122281702090185615e-05	 7.54126281414293861839e-06	 3.84287864322800101161e-04	 1.79131581172988216591e-05	-8.07195161582371444422e-06	-1.39094843027840505393e-05	-1.09379899174871446203e-05	-1.17006253004696333117e-05	-1.06288757201443157929e-05	-1.07075012502856420170e-05	-1.03470065624936745997e-05	-1.10679280351361644614e-05	-1.17693139406221612393e-05	-1.10524635518426530227e-05	-1.36708588030310238584e-05	 5.59129774527234184225e-05	-9.74462574167253647395e-06	-2.17924502764421205991e-02	-3.04788650932320999420e-02	-3.46180755910770118766e-02	-2.07338846370844799571e-02	 1.15245522195341484558e-05	 1.21796106878211244810e-05	 1.25748669242610754170e-05	 1.13553318082523731675e-05	
-8.06218297275938415103e-05	 3.15634006040579298980e-04	-2.48001072715818470042e-06	 2.41179322045698137526e-06	 7.54126281414293861839e-06	 1.70715000084235875972e-05	 1.65467148668780282550e-04	-1.18190205287814150987e-04	-1.34022369537574878926e-05	-1.11933706865745119773e-05	-8.94840567516386455548e-06	-9.58256909478162026558e-06	-9.67536143723481481278e-06	-1.09239013824220687512e-05	-1.08342047272502451483e-05	-1.22733087091798310424e-05	-1.32467237827360595910e-05	-1.40499676499405038935e-05	-1.60917535103451116651e-05	 9.05390757690471592893e-05	-2.13223091054912505923e-05	 1.55984216842270026482e-02	 1.10222284579900055290e-02	 1.42860067325230773172e-02	 2.06162882719267415155e-02	 1.02056860840370842579e-05	 1.06378278338715245735e-05	 1.02342503624751267571e-05	 9.63512877084441079622e-06	
 6.90902766722363516003e-04	-1.00881971239776034935e-03	-1.90973191360077295710e-04	 9.06277027046779187509e-05	 3.84287864322800101161e-04	 1.65467148668780282550e-04	 3.18578889934511416682e-02	-1.39664202590548632878e-03	-1.07764767940352876102e-04	-3.32352107315443375327e-04	-3.27068539770440115926e-04	-3.25465691173347168325e-04	-3.10194268487637848496e-04	-2.88670043113453331229e-04	-2.74655119198152222141e-04	-3.03917497796958287551e-04	-2.70211352673726124939e-04	-2.71706863632338471801e-04	-2.89967349490982998720e-04	 6.56573962190448007746e-04	-1.45714924848760747460e-04	 5.61475978912456263892e-01	 1.35943632859557350656e-01	 9.24593347902887829903e-02	 4.81270933760256147682e-01	 1.03094374453997173423e-04	 1.43029792017508220565e-04	 1.49804730115012330266e-04	 1.24487504985925284467e-04	
 6.57107987289646696246e-06	-6.97608519998219565872e-04	 3.84510373698586825159e-06	-1.87713375928570035340e-05	 1.79131581172988216591e-05	-1.18190205287814150987e-04	-1.39664202590548632878e-03	 1.84759244871184340371e-03	 6.36387642410831674356e-05	 5.00681578144455282872e-05	 5.41294318136775236207e-05	 5.25157151084849478889e-05	 4.97138411301072393150e-05	 5.65258972817961170636e-05	 4.88380775065534305244e-05	 4.99030154531399203384e-05	 4.75114587833437191657e-05	 4.16182882555057959638e-05	 3.24471988904805107388e-05	-2.22076117320481515203e-04	 7.07046097484414413871e-06	-2.76697943772298282639e-01	-1.82872946345817743996e-01	-1.52133920760646801362e-01	-2.03260071489517274435e-01	-1.66227160712531837189e-05	-2.68682886144346527247e-05	-2.97960963339396019871e-05	-2.71881520964168967816e-05	
 9.19403971494093917452e-05	-3.12925631223970801206e-04	 2.46764659781652519088e-06	-1.91316899170946803772e-06	-8.07195161582371444422e-06	-1.34022369537574878926e-05	-1.07764767940352876102e-04	 6.36387642410831674356e-05	 1.21403054772111406514e-05	 7.73540001532353972875e-06	 4.46332501748485321419e-06	 5.07385031716453521039e-06	 5.11798669107633467452e-06	 6.08872075227897510311e-06	 6.11353061509594234872e-06	 7.33955508987065164534e-06	 8.43994058758379736953e-06	 9.26428336842500067328e-06	 1.11155553711698893245e-05	-8.60872244182806075838e-05	 1.97544976193423803181e-05	-1.16427647476849936703e-03	-1.72084331501967647236e-03	-7.25101893778687649900e-03	-1.09729097823233687214e-02	-1.16890910853443123107e-05	-1.16171423974376497189e-05	-1.10074931610269976200e-05	-1.05271872808510099805e-05	
-9.06205326497332460777e-06	-6.16265865773611286500e-05	 2.00406978109309566859e-06	-3.01131310740972008474e-06	-1.39094843027840505393e-05	-1.11933706865745119773e-05	-3.32352107315443375327e-04	 5.00681578144455282872e-05	 7.73540001532353972875e-06	 2.32411935410593182498e-05	 2.10976197207689252758e-05	 2.18125956630807266905e-05	 2.12325696123854432910e-05	 2.22046656906253678514e-05	 2.13955674478025433297e-05	 2.23627032234405356294e-05	 2.34685064319451193557e-05	 2.34187475116766336382e-05	 2.63967240556463273804e-05	-2.75659557290884275210e-05	-2.26505422870259869663e-06	-2.90053789390214249166e-02	-6.75559463648723376034e-03	-9.18997566060872350668e-03	-1.92932275227484725799e-02	-3.24292140724185008727e-06	-5.29248561693442309476e-06	-5.26898989408385694992e-06	-4.54041096236125651427e-06	
-3.97566137485401665912e-05	-8.72238691841552037435e-06	 1.44935334502863003349e-06	-2.00174991680829733744e-06	-1.09379899174871446203e-05	-8.94840567516386455548e-06	-3.27068539770440115926e-04	 5.41294318136775236207e-05	 4.46332501748485321419e-06	 2.10976197207689252758e-05	 2.89265751684539553184e-05	 2.36604001194207913409e-05	 2.50039512539541715027e-05	 2.59206321400856779847e-05	 2.50340516343430697797e-05	 2.61625553268795615219e-05	 2.68480603403268219343e-05	 2.77052559257727580978e-05	 3.03427223785911609206e-05	-2.58508375567612295383e-06	-5.49838291748193074964e-06	-3.46432756791469273483e-02	-1.11630416428534686574e-02	-1.09254635381640929914e-02	-2.22852576914112227024e-02	 3.09801456066040375249e-06	 9.19924399193099335843e-07	 7.37335319224803520606e-07	 1.49537625016889682417e-06	
-2.93985977859305334080e-05	-5.69381479590626952427e-05	 1.60638297323996056940e-06	-1.56980719559944854062e-06	-1.17006253004696333117e-05	-9.58256909478162026558e-06	-3.25465691173347168325e-04	 5.25157151084849478889e-05	 5.07385031716453521039e-06	 2.18125956630807266905e-05	 2.36604001194207913409e-05	 3.25436371525315374102e-05	 2.33441711961176784525e-05	 2.78578139705815439964e-05	 2.63820509557644958015e-05	 2.79785262301674791062e-05	 2.90422174579912035282e-05	 2.95064757371840169270e-05	 3.36640571795545091708e-05	-6.41130616911505731725e-06	-3.04743091629996587155e-06	-3.12663479198307184270e-02	-7.45142261753171941674e-03	-8.35776325980244760849e-03	-2.23649887456587002921e-02	 3.23919252758078925441e-06	 1.16953753739999171000e-06	 1.13882389064866085382e-06	 2.07300070777820010296e-06	
-2.10241687072893603330e-05	-9.90260289838760057214e-05	 1.74304019315613451763e-06	-1.12211921318818948814e-06	-1.06288757201443157929e-05	-9.67536143723481481278e-06	-3.10194268487637848496e-04	 4.97138411301072393150e-05	 5.11798669107633467452e-06	 2.12325696123854432910e-05	 2.50039512539541715027e-05	 2.33441711961176784525e-05	 3.59248471648926633666e-05	 2.46036997375065458302e-05	 2.88497038761708509661e-05	 2.91640233685495582139e-05	 3.04528113664301063772e-05	 3.17894969753019317042e-05	 3.59368468547701497805e-05	-1.37083201131761109738e-05	 1.17205655043371875384e-08	-2.54622530798061415258e-02	-1.05285668614797864318e-02	-6.54043416167985301735e-03	-2.27370434599514052720e-02	 3.68422271502538784742e-06	 2.44453092336251030141e-06	 2.00735899942576414678e-06	 3.24542010682198297410e-06	
-1.18986555719695926667e-05	-1.43175333136006353862e-04	 1.83741841399998185713e-06	-9.21897665197128194411e-07	-1.07075012502856420170e-05	-1.09239013824220687512e-05	-2.88670043113453331229e-04	 5.65258972817961170636e-05	 6.08872075227897510311e-06	 2.22046656906253678514e-05	 2.59206321400856779847e-05	 2.78578139705815439964e-05	 2.46036997375065458302e-05	 4.09755063089818548860e-05	 2.58913902615770862112e-05	 3.23480644811743563768e-05	 3.23697802638435073335e-05	 3.39473487762264721705e-05	 3.90107912681847101275e-05	-1.47380969202953369078e-05	 7.91500202745111860008e-07	-3.56883276438370936057e-02	-8.48618606796153716887e-03	-1.18859742087436166813e-02	-2.40970359724925475842e-02	 4.63321006833684938898e-06	 2.25378204831874317648e-06	 2.62747098148930628396e-06	 3.32742090528247662075e-06	
-2.80327375394650583944e-06	-1.79052759070662465598e-04	 2.00049532595212266602e-06	-4.53913553257065596159e-07	-1.03470065624936745997e-05	-1.08342047272502451483e-05	-2.74655119198152222141e-04	 4.88380775065534305244e-05	 6.11353061509594234872e-06	 2.13955674478025433297e-05	 2.50340516343430697797e-05	 2.63820509557644958015e-05	 2.88497038761708509661e-05	 2.58913902615770862112e-05	 4.33752933389140491014e-05	 2.76347923812276895358e-05	 3.40074035456295923024e-05	 3.43941769127181003630e-05	 4.05542150904829459086e-05	-5.04552744740560497752e-05	 2.16876009121911385085e-05	-2.54539213580926328151e-02	-1.15861334606538971675e-02	-1.05688890565535757726e-02	-2.71880498052108968143e-02	 4.44709488955704247573e-06	 3.26834356949465165590e-06	 3.18130061940439063598e-06	 4.41984454637976048233e-06	
 1.05670470464966886729e-05	-2.31688492055927953246e-04	 2.36267664690005301510e-06	-4.85630013411689758645e-07	-1.10679280351361644614e-05	-1.22733087091798310424e-05	-3.03917497796958287551e-04	 4.99030154531399203384e-05	 7.33955508987065164534e-06	 2.23627032234405356294e-05	 2.61625553268795615219e-05	 2.79785262301674791062e-05	 2.91640233685495582139e-05	 3.23480644811743563768e-05	 2.76347923812276895358e-05	 4.97026976034929766218e-05	 3.21688387234673133473e-05	 3.84462979780166483443e-05	 4.30246662915251474311e-05	-4.14007453930490522073e-05	 1.61439135648430995360e-05	-2.86232779307161386284e-02	-9.77092570561422825437e-03	-1.19644767881345176486e-02	-2.56031169132862994331e-02	 3.87788004689867527692e-06	 2.43266293492361322458e-06	 2.62531404528777447097e-06	 3.71211178337097297627e-06	
 2.32773166022021517959e-05	-2.83682506385559947762e-04	 2.44734045472615398918e-06	-2.53077858999920275825e-07	-1.17693139406221612393e-05	-1.32467237827360595910e-05	-2.70211352673726124939e-04	 4.75114587833437191657e-05	 8.43994058758379736953e-06	 2.34685064319451193557e-05	 2.68480603403268219343e-05	 2.90422174579912035282e-05	 3.04528113664301063772e-05	 3.23697802638435073335e-05	 3.40074035456295923024e-05	 3.21688387234673133473e-05	 4.98382083590775495940e-05	 3.77560564932095878328e-05	 4.67843774991581447600e-05	-5.23185365091610209208e-05	 1.66107237635464556440e-05	-2.63066248965929359860e-02	-1.16417536461162242356e-02	-1.18638196279075378708e-02	-2.78012546782248695654e-02	 3.39814372068616477569e-06	 2.35960695988895194372e-06	 2.46735280669598663333e-06	 3.69445182903758540815e-06	
 3.97904679526815517479e-05	-3.51110120494076214780e-04	 3.04301247228665273426e-06	 2.22402470032592603096e-07	-1.10524635518426530227e-05	-1.40499676499405038935e-05	-2.71706863632338471801e-04	 4.16182882555057959638e-05	 9.26428336842500067328e-06	 2.34187475116766336382e-05	 2.77052559257727580978e-05	 2.95064757371840169270e-05	 3.17894969753019317042e-05	 3.39473487762264721705e-05	 3.43941769127181003630e-05	 3.84462979780166483443e-05	 3.77560564932095878328e-05	 5.42890919067095866846e-05	 4.87089396041364211531e-05	-7.91981491877153461097e-05	 3.46247507174010031149e-05	-2.91048694861872798978e-02	-9.62867096841082611980e-03	-1.61147972693055398230e-02	-3.03300430551988221828e-02	 4.04006288572124984187e-06	 2.53332567226078652622e-06	 3.23354499079844372728e-06	 4.50226424505373986950e-06	
 6.13508386956833785125e-05	-4.56584435070037943614e-04	 3.47902720140295893409e-06	 6.64200626973174231466e-07	-1.36708588030310238584e-05	-1.60917535103451116651e-05	-2.89967349490982998720e-04	 3.24471988904805107388e-05	 1.11155553711698893245e-05	 2.63967240556463273804e-05	 3.03427223785911609206e-05	 3.36640571795545091708e-05	 3.59368468547701497805e-05	 3.90107912681847101275e-05	 4.05542150904829459086e-05	 4.30246662915251474311e-05	 4.67843774991581447600e-05	 4.87089396041364211531e-05	 7.19828275956515444608e-05	-9.46404767160197293646e-05	 3.97378469501205873579e-05	-2.59404279749418063827e-02	-1.06843789837998432574e-02	-1.37478337905001714997e-02	-3.43198264201245856198e-02	 3.80771646824655350802e-06	 2.97935447868628520342e-06	 3.38406395709150702397e-06	 5.13191824821566312700e-06	
-9.34622027250495775348e-04	 3.23884643439401997272e-03	-2.19259859372597324127e-05	 6.50830577464391782751e-06	 5.59129774527234184225e-05	 9.05390757690471592893e-05	 6.56573962190448007746e-04	-2.22076117320481515203e-04	-8.60872244182806075838e-05	-2.75659557290884275210e-05	-2.58508375567612295383e-06	-6.41130616911505731725e-06	-1.37083201131761109738e-05	-1.47380969202953369078e-05	-5.04552744740560497752e-05	-4.14007453930490522073e-05	-5.23185365091610209208e-05	-7.91981491877153461097e-05	-9.46404767160197293646e-05	 3.48830439924158394738e-02	-2.06340228145742467236e-02	 1.58544240305228852084e-02	-4.19059452833004456029e-02	 5.04667306802144000066e-02	 1.49987587316655873737e-01	 7.49521746848625731096e-05	 8.02767190274696193150e-05	 6.76974716241606497627e-05	 5.49913327372607272140e-05	
 3.22103628427312536821e-04	-1.22238140873180147448e-03	 6.97237264918735070285e-06	 2.86488546506122437524e-06	-9.74462574167253647395e-06	-2.13223091054912505923e-05	-1.45714924848760747460e-04	 7.07046097484414413871e-06	 1.97544976193423803181e-05	-2.26505422870259869663e-06	-5.49838291748193074964e-06	-3.04743091629996587155e-06	 1.17205655043371875384e-08	 7.91500202745111860008e-07	 2.16876009121911385085e-05	 1.61439135648430995360e-05	 1.66107237635464556440e-05	 3.46247507174010031149e-05	 3.97378469501205873579e-05	-2.06340228145742467236e-02	 1.25675188349246760161e-02	-1.49078896607937362584e-02	 2.32034985352327950692e-02	-1.68761517610842536052e-02	-6.07663231599949865691e-02	-7.78889274720400294049e-06	-1.11207980648529283692e-05	-4.98647513509886540939e-06	 5.32285897860367419194e-07	
 1.90474482939406025706e-01	-4.77984478068889717672e-01	 7.12784361140513813247e-04	 1.19223775350600011413e-02	-2.17924502764421205991e-02	 1.55984216842270026482e-02	 5.61475978912456263892e-01	-2.76697943772298282639e-01	-1.16427647476849936703e-03	-2.90053789390214249166e-02	-3.46432756791469273483e-02	-3.12663479198307184270e-02	-2.54622530798061415258e-02	-3.56883276438370936057e-02	-2.54539213580926328151e-02	-2.86232779307161386284e-02	-2.63066248965929359860e-02	-2.91048694861872798978e-02	-2.59404279749418063827e-02	 1.58544240305228852084e-02	-1.49078896607937362584e-02	 7.63224974466953881347e+02	 1.24770271559814617035e+02	 1.94774075619537342163e+02	 2.08636559583250630112e+02	-5.53860808437848656238e-02	-1.44352613173965178264e-04	-5.83710631844505754146e-03	-6.12151859819207340430e-03	
 6.46785870867538636997e-02	-1.63176400694433121341e-01	 2.43797868872293538658e-03	 8.80389933982982098026e-03	-3.04788650932320999420e-02	 1.10222284579900055290e-02	 1.35943632859557350656e-01	-1.82872946345817743996e-01	-1.72084331501967647236e-03	-6.75559463648723376034e-03	-1.11630416428534686574e-02	-7.45142261753171941674e-03	-1.05285668614797864318e-02	-8.48618606796153716887e-03	-1.15861334606538971675e-02	-9.77092570561422825437e-03	-1.16417536461162242356e-02	-9.62867096841082611980e-03	-1.06843789837998432574e-02	-4.19059452833004456029e-02	 2.32034985352327950692e-02	 1.24770271559814617035e+02	 5.99625612450815879129e+02	 2.24082868861354370438e+02	 1.95992524865894040431e+02	 7.40654791238196585565e-04	-3.69037368052905351279e-02	-6.32645953772004339399e-03	-4.24936869730062338757e-03	
 5.00986234269625105991e-03	-3.05963503387034077910e-03	-3.59322821968376311143e-04	 9.04477886067115571800e-03	-3.46180755910770118766e-02	 1.42860067325230773172e-02	 9.24593347902887829903e-02	-1.52133920760646801362e-01	-7.25101893778687649900e-03	-9.18997566060872350668e-03	-1.09254635381640929914e-02	-8.35776325980244760849e-03	-6.54043416167985301735e-03	-1.18859742087436166813e-02	-1.05688890565535757726e-02	-1.19644767881345176486e-02	-1.18638196279075378708e-02	-1.61147972693055398230e-02	-1.37478337905001714997e-02	 5.04667306802144000066e-02	-1.68761517610842536052e-02	 1.94774075619537342163e+02	 2.24082868861354370438e+02	 7.27869570555707127824e+02	 2.51966146658126319835e+02	 1.22258511158486091706e-03	-2.59035254259730256775e-04	-3.85746026544694919913e-02	-2.21514995550651638129e-03	
-8.66354826044682694783e-04	 1.38370438195913963986e-01	-2.24746423877994786975e-03	 1.01514079332875924860e-02	-2.07338846370844799571e-02	 2.06162882719267415155e-02	 4.81270933760256147682e-01	-2.03260071489517274435e-01	-1.09729097823233687214e-02	-1.92932275227484725799e-02	-2.22852576914112227024e-02	-2.23649887456587002921e-02	-2.27370434599514052720e-02	-2.40970359724925475842e-02	-2.71880498052108968143e-02	-2.56031169132862994331e-02	-2.78012546782248695654e-02	-3.03300430551988221828e-02	-3.43198264201245856198e-02	 1.49987587316655873737e-01	-6.07663231599949865691e-02	 2.08636559583250630112e+02	 1.95992524865894040431e+02	 2.51966146658126319835e+02	 6.99809074719226600791e+02	 1.65583696720724831428e-04	 2.28305803836247305644e-03	-2.07814181934521790412e-03	-3.37290771476635928283e-02	
-9.95020937698755419043e-05	 2.35661775417319728672e-04	-2.22095378419359663999e-06	 3.71495636901283765604e-06	 1.15245522195341484558e-05	 1.02056860840370842579e-05	 1.03094374453997173423e-04	-1.66227160712531837189e-05	-1.16890910853443123107e-05	-3.24292140724185008727e-06	 3.09801456066040375249e-06	 3.23919252758078925441e-06	 3.68422271502538784742e-06	 4.63321006833684938898e-06	 4.44709488955704247573e-06	 3.87788004689867527692e-06	 3.39814372068616477569e-06	 4.04006288572124984187e-06	 3.80771646824655350802e-06	 7.49521746848625731096e-05	-7.78889274720400294049e-06	-5.53860808437848656238e-02	 7.40654791238196585565e-04	 1.22258511158486091706e-03	 1.65583696720724831428e-04	 2.39545826812682234824e-05	 1.82672899631139205423e-05	 1.81605019965828781605e-05	 1.79512469910079799635e-05	
-8.61546012407039270937e-05	 1.98595454619347001673e-04	-2.35181191520922285430e-06	 4.10535527398726133756e-06	 1.21796106878211244810e-05	 1.06378278338715245735e-05	 1.43029792017508220565e-04	-2.68682886144346527247e-05	-1.16171423974376497189e-05	-5.29248561693442309476e-06	 9.19924399193099335843e-07	 1.16953753739999171000e-06	 2.44453092336251030141e-06	 2.25378204831874317648e-06	 3.26834356949465165590e-06	 2.43266293492361322458e-06	 2.35960695988895194372e-06	 2.53332567226078652622e-06	 2.97935447868628520342e-06	 8.02767190274696193150e-05	-1.11207980648529283692e-05	-1.44352613173965178264e-04	-3.69037368052905351279e-02	-2.59035254259730256775e-04	 2.28305803836247305644e-03	 1.82672899631139205423e-05	 2.22844959284354455521e-05	 1.83051945225171923024e-05	 1.79250984169720023768e-05	
-7.78109492111120571107e-05	 1.73101657656246594530e-04	-2.07130307306784564722e-06	 4.14514883691547409935e-06	 1.25748669242610754170e-05	 1.02342503624751267571e-05	 1.49804730115012330266e-04	-2.97960963339396019871e-05	-1.10074931610269976200e-05	-5.26898989408385694992e-06	 7.37335319224803520606e-07	 1.13882389064866085382e-06	 2.00735899942576414678e-06	 2.62747098148930628396e-06	 3.18130061940439063598e-06	 2.62531404528777447097e-06	 2.46735280669598663333e-06	 3.23354499079844372728e-06	 3.38406395709150702397e-06	 6.76974716241606497627e-05	-4.98647513509886540939e-06	-5.83710631844505754146e-03	-6.32645953772004339399e-03	-3.85746026544694919913e-02	-2.07814181934521790412e-03	 1.81605019965828781605e-05	 1.83051945225171923024e-05	 2.18336243274719967204e-05	 1.77332252287048351019e-05	
-7.43233984418953218124e-05	 1.53124815080105846276e-04	-1.91453840814973217001e-06	 4.07873289586952338088e-06	 1.13553318082523731675e-05	 9.63512877084441079622e-06	 1.24487504985925284467e-04	-2.71881520964168967816e-05	-1.05271872808510099805e-05	-4.54041096236125651427e-06	 1.49537625016889682417e-06	 2.07300070777820010296e-06	 3.24542010682198297410e-06	 3.32742090528247662075e-06	 4.41984454637976048233e-06	 3.71211178337097297627e-06	 3.69445182903758540815e-06	 4.50226424505373986950e-06	 5.13191824821566312700e-06	 5.49913327372607272140e-05	 5.32285897860367419194e-07	-6.12151859819207340430e-03	-4.24936869730062338757e-03	-2.21514995550651638129e-03	-3.37290771476635928283e-02	 1.79512469910079799635e-05	 1.79250984169720023768e-05	 1.77332252287048351019e-05	 2.09340993425795284780e-05	
