#           w0_fld,           wa_fld,          Omega_b,                h,              n_s,           sigma8,       N_eff_camb,        m_nu_camb,     Omega_m_camb,           bias_1,           bias_2,           bias_3,           bias_4,           bias_5,           bias_6,           bias_7,           bias_8,           bias_9,          bias_10,              aIA,            etaIA,          P_shot0,          P_shot1,          P_shot2,          P_shot3,      lnbsigma8_0,      lnbsigma8_1,      lnbsigma8_2,      lnbsigma8_3
 1.31903696838932662019e-03	-4.21314945871351792528e-03	 2.26702602508676108039e-05	 3.88413766712930228452e-06	-4.49050814680984462465e-05	-9.64314875309079229610e-05	 6.60703885460323342253e-04	 9.87991101327311552682e-05	 1.05363338306309955116e-04	-5.63838147302836470941e-06	-3.96206726955935411086e-05	-2.96538484624236295384e-05	-1.97683756602748474964e-05	-7.54277154083850810110e-06	 1.77298023481028282142e-06	 1.67567107841352205052e-05	 2.81028311908927891979e-05	 4.69007971708159524036e-05	 7.53195782909502298220e-05	-8.98147102256818428631e-04	 2.59383920036199643565e-04	 1.93916658475481062940e-01	 9.17199289038684445474e-02	 5.36976434662839521850e-02	 2.91484656936670596949e-02	-1.08267987369529776996e-04	-9.56678279624411520435e-05	-8.94808279976971160906e-05	-8.44968130139625074083e-05	
-4.21314945871351792528e-03	 1.54293273669342933391e-02	-7.69897258259705523278e-05	-3.33810192410266163643e-05	 1.51072078580839920916e-04	 3.70566770068031872427e-04	-1.16517392182310139219e-03	-1.08299924455681670886e-03	-3.55904715216816475761e-04	-6.92598021673425286995e-05	-1.45313114435141009360e-05	-6.70153223568528211632e-05	-1.15084300788111280824e-04	-1.68649160290462886815e-04	-2.10821023774654560520e-04	-2.72772550784998837111e-04	-3.18341824520745387585e-04	-4.00816869975831899329e-04	-5.29154238408712147314e-04	 3.02878876636496425015e-03	-9.91209843789662547325e-04	-5.14100862264382119093e-01	-2.12630409916309603968e-01	-9.37251108234439800349e-02	 4.94642625266493163316e-02	 2.50528474944418020048e-04	 2.09458868390075708156e-04	 1.88724935869567014010e-04	 1.67805269547227728800e-04	
 2.26702602508676108039e-05	-7.69897258259705523278e-05	 2.41773674128450347047e-06	-3.67354855264628074326e-07	-2.09435405736536798887e-06	-2.80329151579585663989e-06	-2.12319013600465952580e-04	 2.62152335260231392685e-06	 2.77320797571825535359e-06	 2.34312617362222027096e-06	 1.60018626997276630876e-06	 1.75862755031894789910e-06	 1.87887589367132149909e-06	 2.09836344037341621075e-06	 2.28025963151617700421e-06	 2.56140796080513977919e-06	 2.71067045869418747278e-06	 3.28863373430638444324e-06	 3.89542466511463914475e-06	-2.33420923683731916455e-05	 6.66494983579698850568e-06	 1.32056611686106489291e-03	 1.64876841781596357624e-03	 4.11461602560284338964e-04	-7.43890488942242143582e-04	-2.69988504574241806853e-06	-2.66759191325762536626e-06	-2.52259472129684482513e-06	-2.41205436780022242752e-06	
 3.88413766712930228452e-06	-3.33810192410266163643e-05	-3.67354855264628074326e-07	 2.31229924098941926050e-06	 3.05935853132730953011e-06	 2.64146367538126401549e-06	 1.07134922839098955627e-04	-1.86936923460509348764e-05	-2.13327100718163598873e-06	-3.50303145140267270448e-06	-2.21359722823571441854e-06	-1.65773538256595400742e-06	-1.16356620815352937198e-06	-8.93497509719836408754e-07	-4.64464183713595292222e-07	-2.63220744202528697276e-07	 7.18367563250413479227e-08	 4.77959709341899214003e-07	 1.03046920175647083352e-06	 6.70209091840312505230e-06	 3.67055295067401361308e-06	 1.29272640810448383175e-02	 1.15075784673534069202e-02	 1.08857820572774120771e-02	 1.06806652713986212355e-02	 4.44021732774800053164e-06	 4.69421035625953742563e-06	 4.80509193686304137116e-06	 4.86819168296833011520e-06	
-4.49050814680984462465e-05	 1.51072078580839920916e-04	-2.09435405736536798887e-06	 3.05935853132730953011e-06	 3.09487352264679597860e-05	 8.78077140751869756577e-06	 4.34677662727720370752e-04	 2.98617179327388432720e-05	-9.56833443103635677529e-06	-1.62284931841150215450e-05	-1.26954030552809330856e-05	-1.27200439243107237274e-05	-1.16282317912763594528e-05	-1.19418982211053499023e-05	-1.17620299053777010501e-05	-1.21374266760704831262e-05	-1.25115283049104043030e-05	-1.28314785762023469469e-05	-1.50710134791318615120e-05	 6.90331995912080506736e-05	-1.27183029570318529775e-05	-2.60400148848963855497e-02	-2.92916679258492865245e-02	-3.30187320479451429378e-02	-2.73992353223685147778e-02	 1.40949105375026767170e-05	 1.42238063243774867428e-05	 1.45387974812448307475e-05	 1.40315290222155790629e-05	
-9.64314875309079229610e-05	 3.70566770068031872427e-04	-2.80329151579585663989e-06	 2.64146367538126401549e-06	 8.78077140751869756577e-06	 1.90599237199159073151e-05	 1.86016262316226631181e-04	-1.26851028323203356661e-04	-1.51390238465064839014e-05	-1.20585208614244194207e-05	-9.36101978711335473747e-06	-9.90292281425955338910e-06	-1.03816963821130694344e-05	-1.15915830934693041987e-05	-1.20318855078996472422e-05	-1.32904599105062052130e-05	-1.40111646249086132967e-05	-1.56499117417164052197e-05	-1.82956892257076072974e-05	 9.05742759139956208226e-05	-1.65683286633024430057e-05	 1.23403352342881227760e-02	 1.53470137600212660350e-02	 1.74058662755907089803e-02	 2.14898285229544808161e-02	 1.21675880474933396523e-05	 1.18244900505350352906e-05	 1.15586079259180681141e-05	 1.11466076975355149844e-05	
 6.60703885460323342253e-04	-1.16517392182310139219e-03	-2.12319013600465952580e-04	 1.07134922839098955627e-04	 4.34677662727720370752e-04	 1.86016262316226631181e-04	 3.41125857569444870809e-02	-1.16583602773463225477e-03	-1.27610020586853652918e-04	-3.86235405024843922450e-04	-3.65638486916088556108e-04	-3.54295942359182300645e-04	-3.34635618331278388102e-04	-3.21429698428894337816e-04	-3.18145214069554980660e-04	-3.14788196648652042389e-04	-2.95967766533581462182e-04	-3.04824580876904283055e-04	-3.15617179961980617430e-04	 1.04460150238113889595e-03	-2.78968283371603135903e-04	 5.42181638751388472741e-01	 2.99350592337404797227e-01	 2.43137689669621043231e-01	 3.73971770755294641297e-01	 1.51710249946945217045e-04	 1.75256051780285372057e-04	 1.82794785807830005141e-04	 1.77896467457453583659e-04	
 9.87991101327311552682e-05	-1.08299924455681670886e-03	 2.62152335260231392685e-06	-1.86936923460509348764e-05	 2.98617179327388432720e-05	-1.26851028323203356661e-04	-1.16583602773463225477e-03	 2.00420051121096443741e-03	 6.95975945782630940227e-05	 3.98449877318238828566e-05	 4.38820410008861758384e-05	 4.25927096321806897684e-05	 4.56587048604118137256e-05	 4.83517338016677838443e-05	 4.59864428748865268731e-05	 4.65090258796440543282e-05	 4.21931293663809303218e-05	 4.18751728914592953276e-05	 3.70239700734459773412e-05	-2.07878070502196112901e-04	-1.63319787692173402211e-05	-2.56501503564803889912e-01	-2.42069608725013291073e-01	-2.29056651893513985030e-01	-2.48309869773154112682e-01	-2.17253463982679183536e-05	-2.48148890962633819721e-05	-2.66576396898037104176e-05	-2.64125031315634136906e-05	
 1.05363338306309955116e-04	-3.55904715216816475761e-04	 2.77320797571825535359e-06	-2.13327100718163598873e-06	-9.56833443103635677529e-06	-1.51390238465064839014e-05	-1.27610020586853652918e-04	 6.95975945782630940227e-05	 1.37264848645308888453e-05	 8.64642208407563579243e-06	 4.85794723787713717645e-06	 5.27231845417070480792e-06	 5.57933386932105431730e-06	 6.60808778268986792459e-06	 6.95547616027215133199e-06	 8.10250007472881847187e-06	 8.87202332097020999124e-06	 1.03178254835809535657e-05	 1.27009850834022180647e-05	-8.60293027591829304827e-05	 1.50609888360817912364e-05	 7.92234646183860276650e-04	-4.04840920545994440577e-03	-6.79949244851368178599e-03	-9.80867296153676952730e-03	-1.35024947617351947945e-05	-1.29494987613720273696e-05	-1.25822787116877409560e-05	-1.21826280070155037712e-05	
-5.63838147302836470941e-06	-6.92598021673425286995e-05	 2.34312617362222027096e-06	-3.50303145140267270448e-06	-1.62284931841150215450e-05	-1.20585208614244194207e-05	-3.86235405024843922450e-04	 3.98449877318238828566e-05	 8.64642208407563579243e-06	 2.53789466121867245097e-05	 2.29088441877760916440e-05	 2.35280961360039823796e-05	 2.29041663581078376274e-05	 2.36926594935475980010e-05	 2.35946389948303404736e-05	 2.41909716068890473138e-05	 2.47733002870767542386e-05	 2.58207620145753986190e-05	 2.84129601993487885246e-05	-3.20304908624035700009e-05	-1.14108504644357478119e-06	-2.38704090410478061979e-02	-1.51286768071496029869e-02	-1.56866170036327017001e-02	-2.01458469459286498848e-02	-5.25671988682315289876e-06	-6.11982397063617231884e-06	-6.18793858428219905097e-06	-5.95691923026482926469e-06	
-3.96206726955935411086e-05	-1.45313114435141009360e-05	 1.60018626997276630876e-06	-2.21359722823571441854e-06	-1.26954030552809330856e-05	-9.36101978711335473747e-06	-3.65638486916088556108e-04	 4.38820410008861758384e-05	 4.85794723787713717645e-06	 2.29088441877760916440e-05	 3.09229704523188530358e-05	 2.57814704767652422106e-05	 2.71223945181023524433e-05	 2.75657686947736406521e-05	 2.77888786980894784875e-05	 2.85529789489420314161e-05	 2.89984617825417664199e-05	 3.04145359925494779393e-05	 3.31690164285857328808e-05	-5.57603028199313056912e-06	-3.12994912862300904354e-06	-2.88712401541663526983e-02	-1.83804361595422266484e-02	-1.79191935074850504372e-02	-2.29192968607589073193e-02	 2.12515997796692450707e-06	 1.12287914628079526609e-06	 9.42835404918715434591e-07	 1.19244880990183506048e-06	
-2.96538484624236295384e-05	-6.70153223568528211632e-05	 1.75862755031894789910e-06	-1.65773538256595400742e-06	-1.27200439243107237274e-05	-9.90292281425955338910e-06	-3.54295942359182300645e-04	 4.25927096321806897684e-05	 5.27231845417070480792e-06	 2.35280961360039823796e-05	 2.57814704767652422106e-05	 3.51999027982834503375e-05	 2.59281946230451238507e-05	 2.99415230898647890569e-05	 2.94240763452099643373e-05	 3.07509997959983327298e-05	 3.15278300716335512649e-05	 3.31852593424143531026e-05	 3.69460907754352320918e-05	-1.09696877802505425131e-05	 4.33643090710031875860e-07	-2.66450692669746337649e-02	-1.57485864060306589296e-02	-1.62963791390515408408e-02	-2.25027813213384934865e-02	 2.91097154164184869623e-06	 1.98269579729169145193e-06	 1.98754224156111935630e-06	 2.26369966096248444968e-06	
-1.97683756602748474964e-05	-1.15084300788111280824e-04	 1.87887589367132149909e-06	-1.16356620815352937198e-06	-1.16282317912763594528e-05	-1.03816963821130694344e-05	-3.34635618331278388102e-04	 4.56587048604118137256e-05	 5.57933386932105431730e-06	 2.29041663581078376274e-05	 2.71223945181023524433e-05	 2.59281946230451238507e-05	 3.82248506720386750299e-05	 2.69517990678013881728e-05	 3.18567579426324318324e-05	 3.17756734294345717174e-05	 3.29533814415372723616e-05	 3.51751775619072088765e-05	 3.91794542074927015741e-05	-1.92473229293642360174e-05	 5.32027586576005761973e-06	-2.37261244879962383825e-02	-1.72823759829932935284e-02	-1.68932416411390513844e-02	-2.43536552088609026256e-02	 3.49745416790345153114e-06	 3.09087716218213440000e-06	 2.95183881026936941296e-06	 3.50720607117814475178e-06	
-7.54277154083850810110e-06	-1.68649160290462886815e-04	 2.09836344037341621075e-06	-8.93497509719836408754e-07	-1.19418982211053499023e-05	-1.15915830934693041987e-05	-3.21429698428894337816e-04	 4.83517338016677838443e-05	 6.60808778268986792459e-06	 2.36926594935475980010e-05	 2.75657686947736406521e-05	 2.99415230898647890569e-05	 2.69517990678013881728e-05	 4.33276976703347190792e-05	 2.86235895496795897234e-05	 3.52532208538198880976e-05	 3.49940451362457311587e-05	 3.75884512834147511322e-05	 4.24626574446983738337e-05	-2.50653677430655943980e-05	 7.52080960872156044594e-06	-2.67716344945359112362e-02	-1.66899434779025912512e-02	-1.76868881312266280903e-02	-2.43386736969504607897e-02	 3.80738088467894632091e-06	 2.99347190683121350426e-06	 3.14513417770145801148e-06	 3.51774064322967886222e-06	
 1.77298023481028282142e-06	-2.10821023774654560520e-04	 2.28025963151617700421e-06	-4.64464183713595292222e-07	-1.17620299053777010501e-05	-1.20318855078996472422e-05	-3.18145214069554980660e-04	 4.59864428748865268731e-05	 6.95547616027215133199e-06	 2.35946389948303404736e-05	 2.77888786980894784875e-05	 2.94240763452099643373e-05	 3.18567579426324318324e-05	 2.86235895496795897234e-05	 4.68087633083884773833e-05	 3.12158129791780826999e-05	 3.73792745011590493579e-05	 3.94347995538780777148e-05	 4.48236441403942838702e-05	-3.74969547893960053605e-05	 1.39016199577262107844e-05	-2.37492960400744503036e-02	-1.85605353279664070376e-02	-1.87291783689201123131e-02	-2.76297776584488452567e-02	 4.14250220869845246828e-06	 3.86824476984872252244e-06	 3.95810214553773876583e-06	 4.52584545410785679952e-06	
 1.67567107841352205052e-05	-2.72772550784998837111e-04	 2.56140796080513977919e-06	-2.63220744202528697276e-07	-1.21374266760704831262e-05	-1.32904599105062052130e-05	-3.14788196648652042389e-04	 4.65090258796440543282e-05	 8.10250007472881847187e-06	 2.41909716068890473138e-05	 2.85529789489420314161e-05	 3.07509997959983327298e-05	 3.17756734294345717174e-05	 3.52532208538198880976e-05	 3.12158129791780826999e-05	 5.33028148141150435644e-05	 3.55620755206226968207e-05	 4.28247285182557603576e-05	 4.82048233906931601124e-05	-5.20813229647183013275e-05	 2.22832410132650636807e-05	-2.24591031545024917560e-02	-1.74217114066055299426e-02	-1.83188458230364899226e-02	-2.69455394025161394655e-02	 3.71764786599468823841e-06	 3.59805373575814309070e-06	 3.70911729000344152064e-06	 4.40581904621188029050e-06	
 2.81028311908927891979e-05	-3.18341824520745387585e-04	 2.71067045869418747278e-06	 7.18367563250413479227e-08	-1.25115283049104043030e-05	-1.40111646249086132967e-05	-2.95967766533581462182e-04	 4.21931293663809303218e-05	 8.87202332097020999124e-06	 2.47733002870767542386e-05	 2.89984617825417664199e-05	 3.15278300716335512649e-05	 3.29533814415372723616e-05	 3.49940451362457311587e-05	 3.73792745011590493579e-05	 3.55620755206226968207e-05	 5.31057794726525142785e-05	 4.22894097259329584666e-05	 5.11550415211584671299e-05	-5.10544501713991230574e-05	 1.89349657340032462305e-05	-2.05648176055595391376e-02	-1.64552798144990720941e-02	-1.94121818211356426953e-02	-2.76228909430987629170e-02	 3.63221720649650538733e-06	 3.62563597342152044969e-06	 3.97070106406767580996e-06	 4.61475004345375342945e-06	
 4.69007971708159524036e-05	-4.00816869975831899329e-04	 3.28863373430638444324e-06	 4.77959709341899214003e-07	-1.28314785762023469469e-05	-1.56499117417164052197e-05	-3.04824580876904283055e-04	 4.18751728914592953276e-05	 1.03178254835809535657e-05	 2.58207620145753986190e-05	 3.04145359925494779393e-05	 3.31852593424143531026e-05	 3.51751775619072088765e-05	 3.75884512834147511322e-05	 3.94347995538780777148e-05	 4.28247285182557603576e-05	 4.22894097259329584666e-05	 5.98312157415354053838e-05	 5.48293037807459125526e-05	-7.24825019169718397834e-05	 3.05794430463846744110e-05	-2.17784214992343197470e-02	-1.69226323944930978627e-02	-2.06863720656835885225e-02	-2.97461159598912880386e-02	 3.80276410155815823027e-06	 3.76743086074542356622e-06	 4.23931196921534109699e-06	 5.10583186388346844904e-06	
 7.53195782909502298220e-05	-5.29154238408712147314e-04	 3.89542466511463914475e-06	 1.03046920175647083352e-06	-1.50710134791318615120e-05	-1.82956892257076072974e-05	-3.15617179961980617430e-04	 3.70239700734459773412e-05	 1.27009850834022180647e-05	 2.84129601993487885246e-05	 3.31690164285857328808e-05	 3.69460907754352320918e-05	 3.91794542074927015741e-05	 4.24626574446983738337e-05	 4.48236441403942838702e-05	 4.82048233906931601124e-05	 5.11550415211584671299e-05	 5.48293037807459125526e-05	 7.76138174896929676928e-05	-1.03989600758591971860e-04	 4.47891760428218750493e-05	-1.90573509824651689260e-02	-1.70247087835550883761e-02	-1.96572580988663564439e-02	-3.13616843295873165554e-02	 3.42478707654214209946e-06	 3.85541461442582743068e-06	 4.34241281864926413739e-06	 5.39907381649121769645e-06	
-8.98147102256818428631e-04	 3.02878876636496425015e-03	-2.33420923683731916455e-05	 6.70209091840312505230e-06	 6.90331995912080506736e-05	 9.05742759139956208226e-05	 1.04460150238113889595e-03	-2.07878070502196112901e-04	-8.60293027591829304827e-05	-3.20304908624035700009e-05	-5.57603028199313056912e-06	-1.09696877802505425131e-05	-1.92473229293642360174e-05	-2.50653677430655943980e-05	-3.74969547893960053605e-05	-5.20813229647183013275e-05	-5.10544501713991230574e-05	-7.24825019169718397834e-05	-1.03989600758591971860e-04	 3.38797408126195048750e-02	-2.00565416435928949024e-02	-4.05099639094258709426e-02	-5.43778388668450657351e-02	-3.64390956762854602638e-03	 2.04567040964497258437e-02	 8.29588865607480333139e-05	 8.08213830895860722891e-05	 7.74851819866952524997e-05	 7.17792889485866338409e-05	
 2.59383920036199643565e-04	-9.91209843789662547325e-04	 6.66494983579698850568e-06	 3.67055295067401361308e-06	-1.27183029570318529775e-05	-1.65683286633024430057e-05	-2.78968283371603135903e-04	-1.63319787692173402211e-05	 1.50609888360817912364e-05	-1.14108504644357478119e-06	-3.12994912862300904354e-06	 4.33643090710031875860e-07	 5.32027586576005761973e-06	 7.52080960872156044594e-06	 1.39016199577262107844e-05	 2.22832410132650636807e-05	 1.89349657340032462305e-05	 3.05794430463846744110e-05	 4.47891760428218750493e-05	-2.00565416435928949024e-02	 1.22478100623261993568e-02	 1.46565505347691568683e-02	 3.63853615512077996352e-02	 1.14567083442670917398e-02	 2.38347061572894217130e-03	-6.09188005391646976981e-06	-6.02636126984706727505e-06	-4.85189143496980627524e-06	-2.38076822102453045313e-06	
 1.93916658475481062940e-01	-5.14100862264382119093e-01	 1.32056611686106489291e-03	 1.29272640810448383175e-02	-2.60400148848963855497e-02	 1.23403352342881227760e-02	 5.42181638751388472741e-01	-2.56501503564803889912e-01	 7.92234646183860276650e-04	-2.38704090410478061979e-02	-2.88712401541663526983e-02	-2.66450692669746337649e-02	-2.37261244879962383825e-02	-2.67716344945359112362e-02	-2.37492960400744503036e-02	-2.24591031545024917560e-02	-2.05648176055595391376e-02	-2.17784214992343197470e-02	-1.90573509824651689260e-02	-4.05099639094258709426e-02	 1.46565505347691568683e-02	 6.99503789948302028279e+02	 1.96445461376358167627e+02	 2.20783349053445761001e+02	 2.24178999374187725380e+02	-4.82989531586815873387e-02	-4.43370564366903519710e-03	-6.21045232839484602494e-03	-5.86384167344082031514e-03	
 9.17199289038684445474e-02	-2.12630409916309603968e-01	 1.64876841781596357624e-03	 1.15075784673534069202e-02	-2.92916679258492865245e-02	 1.53470137600212660350e-02	 2.99350592337404797227e-01	-2.42069608725013291073e-01	-4.04840920545994440577e-03	-1.51286768071496029869e-02	-1.83804361595422266484e-02	-1.57485864060306589296e-02	-1.72823759829932935284e-02	-1.66899434779025912512e-02	-1.85605353279664070376e-02	-1.74217114066055299426e-02	-1.64552798144990720941e-02	-1.69226323944930978627e-02	-1.70247087835550883761e-02	-5.43778388668450657351e-02	 3.63853615512077996352e-02	 1.96445461376358167627e+02	 6.55477196708466635755e+02	 2.36200807743709077613e+02	 2.33217357843692013830e+02	-1.35462515741283724864e-03	-3.77339797996997863838e-02	-3.56694452864516221152e-03	-3.10031056980398763215e-03	
 5.36976434662839521850e-02	-9.37251108234439800349e-02	 4.11461602560284338964e-04	 1.08857820572774120771e-02	-3.30187320479451429378e-02	 1.74058662755907089803e-02	 2.43137689669621043231e-01	-2.29056651893513985030e-01	-6.79949244851368178599e-03	-1.56866170036327017001e-02	-1.79191935074850504372e-02	-1.62963791390515408408e-02	-1.68932416411390513844e-02	-1.76868881312266280903e-02	-1.87291783689201123131e-02	-1.83188458230364899226e-02	-1.94121818211356426953e-02	-2.06863720656835885225e-02	-1.96572580988663564439e-02	-3.64390956762854602638e-03	 1.14567083442670917398e-02	 2.20783349053445761001e+02	 2.36200807743709077613e+02	 7.72133457322748995466e+02	 2.52113597575455742117e+02	-1.99885498050995447442e-03	-2.23846377456728400784e-03	-4.26245925840861503153e-02	-3.11180223390054204805e-03	
 2.91484656936670596949e-02	 4.94642625266493163316e-02	-7.43890488942242143582e-04	 1.06806652713986212355e-02	-2.73992353223685147778e-02	 2.14898285229544808161e-02	 3.73971770755294641297e-01	-2.48309869773154112682e-01	-9.80867296153676952730e-03	-2.01458469459286498848e-02	-2.29192968607589073193e-02	-2.25027813213384934865e-02	-2.43536552088609026256e-02	-2.43386736969504607897e-02	-2.76297776584488452567e-02	-2.69455394025161394655e-02	-2.76228909430987629170e-02	-2.97461159598912880386e-02	-3.13616843295873165554e-02	 2.04567040964497258437e-02	 2.38347061572894217130e-03	 2.24178999374187725380e+02	 2.33217357843692013830e+02	 2.52113597575455742117e+02	 7.79727641364252804124e+02	-2.14663509628417467981e-03	-1.83412501582744485833e-03	-3.22877312422947858675e-03	-4.04128437491566849804e-02	
-1.08267987369529776996e-04	 2.50528474944418020048e-04	-2.69988504574241806853e-06	 4.44021732774800053164e-06	 1.40949105375026767170e-05	 1.21675880474933396523e-05	 1.51710249946945217045e-04	-2.17253463982679183536e-05	-1.35024947617351947945e-05	-5.25671988682315289876e-06	 2.12515997796692450707e-06	 2.91097154164184869623e-06	 3.49745416790345153114e-06	 3.80738088467894632091e-06	 4.14250220869845246828e-06	 3.71764786599468823841e-06	 3.63221720649650538733e-06	 3.80276410155815823027e-06	 3.42478707654214209946e-06	 8.29588865607480333139e-05	-6.09188005391646976981e-06	-4.82989531586815873387e-02	-1.35462515741283724864e-03	-1.99885498050995447442e-03	-2.14663509628417467981e-03	 2.61551520096815140069e-05	 2.11868068777225347936e-05	 2.11748145703137048181e-05	 2.10160159447863339978e-05	
-9.56678279624411520435e-05	 2.09458868390075708156e-04	-2.66759191325762536626e-06	 4.69421035625953742563e-06	 1.42238063243774867428e-05	 1.18244900505350352906e-05	 1.75256051780285372057e-04	-2.48148890962633819721e-05	-1.29494987613720273696e-05	-6.11982397063617231884e-06	 1.12287914628079526609e-06	 1.98269579729169145193e-06	 3.09087716218213440000e-06	 2.99347190683121350426e-06	 3.86824476984872252244e-06	 3.59805373575814309070e-06	 3.62563597342152044969e-06	 3.76743086074542356622e-06	 3.85541461442582743068e-06	 8.08213830895860722891e-05	-6.02636126984706727505e-06	-4.43370564366903519710e-03	-3.77339797996997863838e-02	-2.23846377456728400784e-03	-1.83412501582744485833e-03	 2.11868068777225347936e-05	 2.48994441912344162567e-05	 2.10018105764026003337e-05	 2.08359192510507367586e-05	
-8.94808279976971160906e-05	 1.88724935869567014010e-04	-2.52259472129684482513e-06	 4.80509193686304137116e-06	 1.45387974812448307475e-05	 1.15586079259180681141e-05	 1.82794785807830005141e-04	-2.66576396898037104176e-05	-1.25822787116877409560e-05	-6.18793858428219905097e-06	 9.42835404918715434591e-07	 1.98754224156111935630e-06	 2.95183881026936941296e-06	 3.14513417770145801148e-06	 3.95810214553773876583e-06	 3.70911729000344152064e-06	 3.97070106406767580996e-06	 4.23931196921534109699e-06	 4.34241281864926413739e-06	 7.74851819866952524997e-05	-4.85189143496980627524e-06	-6.21045232839484602494e-03	-3.56694452864516221152e-03	-4.26245925840861503153e-02	-3.22877312422947858675e-03	 2.11748145703137048181e-05	 2.10018105764026003337e-05	 2.50467445142150292169e-05	 2.08289866781863363711e-05	
-8.44968130139625074083e-05	 1.67805269547227728800e-04	-2.41205436780022242752e-06	 4.86819168296833011520e-06	 1.40315290222155790629e-05	 1.11466076975355149844e-05	 1.77896467457453583659e-04	-2.64125031315634136906e-05	-1.21826280070155037712e-05	-5.95691923026482926469e-06	 1.19244880990183506048e-06	 2.26369966096248444968e-06	 3.50720607117814475178e-06	 3.51774064322967886222e-06	 4.52584545410785679952e-06	 4.40581904621188029050e-06	 4.61475004345375342945e-06	 5.10583186388346844904e-06	 5.39907381649121769645e-06	 7.17792889485866338409e-05	-2.38076822102453045313e-06	-5.86384167344082031514e-03	-3.10031056980398763215e-03	-3.11180223390054204805e-03	-4.04128437491566849804e-02	 2.10160159447863339978e-05	 2.08359192510507367586e-05	 2.08289866781863363711e-05	 2.45062367478947553030e-05	
