#          Omega_b,                h,              n_s,           sigma8,        m_nu_camb,     Omega_m_camb,         tau_reio,           bias_1,           bias_2,           bias_3,           bias_4,           bias_5,           bias_6,           bias_7,           bias_8,           bias_9,          bias_10,              aIA,            etaIA,          P_shot0,          P_shot1,          P_shot2,          P_shot3,      lnbsigma8_0,      lnbsigma8_1,      lnbsigma8_2,      lnbsigma8_3
 7.01305508774915273709e-08	-1.81569712697936822981e-07	 9.29923620238254281798e-08	-4.69473646381653218855e-07	 3.86855208482517858839e-06	 3.59951738729471863394e-07	 4.15163083441464181894e-07	 5.42106386735419675008e-07	 4.35787939388828993540e-07	 4.38000151309116411947e-07	 3.06963199105644067867e-07	 2.13651707496895158417e-07	 4.13570095794611021819e-07	 2.76331452576830773566e-07	 2.77546546390273406221e-07	 6.84978947521738784035e-10	 3.32110731721258539066e-07	 2.55964333437871085277e-06	-2.39228164842610529833e-06	-1.28693589658758749533e-03	-1.50899729516254998626e-03	-1.99977161643137861177e-03	-1.24294700180138184900e-03	-3.61831604441091083670e-07	-3.65086836842228794169e-07	-3.14215510333977767583e-07	-3.72412932173054210242e-07	
-1.81569712697936822981e-07	 9.99730769057223907703e-07	-4.82327465974075945887e-07	 1.92289906007930030789e-06	-1.43884998415919855287e-05	-1.37230183090890176300e-06	-1.49656389803533345701e-06	-2.18658752100602907592e-06	-2.08165638245529616870e-06	-1.90063002661797780275e-06	-1.39749069654248297804e-06	-1.30394040871178630914e-06	-1.48340534987138205711e-06	-1.32568796910281873435e-06	-1.31483324014214015123e-06	-6.74632568029309720187e-07	-1.51196193738062016379e-06	-1.16562395244938567408e-05	 1.15719669083704745737e-05	 9.87581475051194090931e-03	 1.05166721295765295402e-02	 1.22136210355244557990e-02	 8.89331809547366444746e-03	 1.52078664949762007251e-06	 1.60539655400568328249e-06	 1.35282959530372387085e-06	 1.65991700236004218780e-06	
 9.29923620238254281798e-08	-4.82327465974075945887e-07	 5.31433335586293013018e-06	-1.48677031543050120931e-06	 2.14993720813058925934e-05	 2.11508234723062573824e-07	 5.32349269587164117452e-06	-1.00342992638082508888e-06	-2.66184071343382950704e-08	-1.83631217070234626697e-07	-1.47695045026428385319e-07	-6.47948776692767477513e-07	 2.07790222248019817656e-07	-3.62103063875355174867e-07	-1.52073804055516040988e-07	 1.67018261160122804840e-07	 5.75212106243758390488e-07	 5.05522922920985785886e-05	-2.79863587490015979376e-05	-2.29779026864997126811e-02	-1.71628515529910936899e-02	-2.57572170702111483132e-02	-2.36866207184173484246e-02	 1.02609347490714396459e-06	 8.14266616180226910768e-07	 1.59428016118056143880e-06	 1.29470254050819411446e-06	
-4.69473646381653218855e-07	 1.92289906007930030789e-06	-1.48677031543050120931e-06	 4.70318008467489413928e-06	-3.77384735678634890602e-05	-3.20481653750953982766e-06	-3.70922360669453553942e-06	-4.66735222685677690596e-06	-4.85943342202012880187e-06	-4.24917431909912109427e-06	-3.19390833460133831770e-06	-2.05692089467700710929e-06	-3.96501194194156791884e-06	-2.43304842859587640945e-06	-3.29904568911899301141e-06	-1.53596139713885351149e-06	-3.37732974900083100935e-06	-2.90900250150780294691e-05	 2.67002092079108948024e-05	 2.05740912118587276902e-02	 2.00975659329109199169e-02	 2.50384619933827594351e-02	 1.74580533391425693490e-02	 2.91057522081421849930e-06	 3.26227878653548745638e-06	 2.65960448982619424011e-06	 3.35349579812714298992e-06	
 3.86855208482517858839e-06	-1.43884998415919855287e-05	 2.14993720813058925934e-05	-3.77384735678634890602e-05	 3.72752800410369451549e-04	 2.42794064247876089366e-05	 5.35908099425558680381e-05	 2.84131339688803623094e-05	 3.08419565927014997114e-05	 2.63480206756583518223e-05	 1.88803375560819620461e-05	 6.40875124973925904421e-06	 2.40811851125313506803e-05	 1.08951645340255318860e-05	 1.76644464265152673749e-05	 6.48597306389719385799e-06	 1.33955862980179759143e-05	 3.27275195368009177901e-04	-2.58235626444030380838e-04	-1.70489295832047860202e-01	-1.43101594049225067096e-01	-1.92709491993225068285e-01	-1.53552677107624352404e-01	-2.00114409655371889337e-05	-2.43799956086705134947e-05	-1.74677114151008681443e-05	-2.35156520528097407721e-05	
 3.59951738729471863394e-07	-1.37230183090890176300e-06	 2.11508234723062573824e-07	-3.20481653750953982766e-06	 2.42794064247876089366e-05	 2.43329312061740410348e-06	 1.87733893751564095116e-06	 3.77785366631155367434e-06	 3.48254685289188273506e-06	 3.17592751195931214899e-06	 2.36229240463806504651e-06	 1.75991897639333403300e-06	 2.70643118166627142274e-06	 2.06646036391021221788e-06	 2.33875415800330755449e-06	 7.90432450794903321613e-07	 2.44655639845209496344e-06	 1.08478060762410623443e-05	-1.38145548587977900373e-05	-1.10711968787353242510e-02	-1.27226516221289765590e-02	-1.49568965790809332850e-02	-9.33519734396190924153e-03	-2.50528337979916195327e-06	-2.62698302950228562586e-06	-2.28365426362817323586e-06	-2.74086088290789826332e-06	
 4.15163083441464181894e-07	-1.49656389803533345701e-06	 5.32349269587164117452e-06	-3.70922360669453553942e-06	 5.35908099425558680381e-05	 1.87733893751564095116e-06	 1.25978281279570167561e-05	 5.93247231536052538956e-07	 7.59085433085093624534e-07	 9.51099595790179036929e-07	 2.49187346853366713195e-08	-1.32144414215986984184e-06	 1.94592235592294066832e-07	-1.03203915374939743815e-06	-5.55373462486940171056e-07	-6.34391444858660488089e-07	-1.87803609689395108179e-06	 6.57066415763221499261e-05	-4.26659390376374694775e-05	-2.30790763126823700313e-02	-1.42369395550450937582e-02	-2.28914598948272048073e-02	-2.48794303901809267521e-02	-1.25305986313797796593e-06	-2.04659803870879367538e-06	-7.54027564556741455690e-07	-1.54844496859436104315e-06	
 5.42106386735419675008e-07	-2.18658752100602907592e-06	-1.00342992638082508888e-06	-4.66735222685677690596e-06	 2.84131339688803623094e-05	 3.77785366631155367434e-06	 5.93247231536052538956e-07	 8.48451476148616505176e-06	 5.47191181292837451622e-06	 5.64639156873069865178e-06	 3.99824354870253262031e-06	 3.59599301131327737753e-06	 5.48631351766890118049e-06	 3.53271054267386551919e-06	 3.78695621715682329190e-06	 1.85755969363720151512e-06	 5.16588545595316302661e-06	 5.46582951682073105181e-06	-1.45954446661510429983e-05	-1.57237614363246631932e-02	-1.62597506208597142319e-02	-1.92234332726361686894e-02	-1.18305765463818778754e-02	-4.26622962213987817911e-06	-4.63274750109880974490e-06	-4.09313503462323208742e-06	-4.55297566401429716604e-06	
 4.35787939388828993540e-07	-2.08165638245529616870e-06	-2.66184071343382950704e-08	-4.85943342202012880187e-06	 3.08419565927014997114e-05	 3.48254685289188273506e-06	 7.59085433085093624534e-07	 5.47191181292837451622e-06	 1.01753972297895329890e-05	 4.57580992173993344102e-06	 4.55059024091263253581e-06	 2.98684947170685230459e-06	 4.78368152852759432551e-06	 3.16462261597032423814e-06	 5.36993926841761071465e-06	 3.40176539616789678144e-06	 5.50907593591899343835e-06	 1.02473227582277509503e-05	-1.77480866050646319643e-05	-1.79494431954834235410e-02	-1.72467678918697756019e-02	-2.37787805252151068780e-02	-1.43575134481149207372e-02	-3.63166699230080258358e-06	-3.81112773628458533629e-06	-3.36210876925536043157e-06	-3.97658608125993829794e-06	
 4.38000151309116411947e-07	-1.90063002661797780275e-06	-1.83631217070234626697e-07	-4.24917431909912109427e-06	 2.63480206756583518223e-05	 3.17592751195931214899e-06	 9.51099595790179036929e-07	 5.64639156873069865178e-06	 4.57580992173993344102e-06	 1.14273854708787467885e-05	 1.98606447461478965655e-06	 3.19812549596527469797e-06	 4.39215265729534912106e-06	 2.47469560172665328828e-06	 3.57359555212102865599e-06	 1.24977809590140434609e-06	 4.29189694644159308660e-06	 5.42676287538314914703e-05	-3.97460994103925581108e-05	-1.65000200527266327466e-02	-1.75238656380105432830e-02	-1.66584354310560719958e-02	-1.20440124582092550343e-02	-3.20556954675004145231e-06	-3.51528956238882589488e-06	-3.34630559947780040843e-06	-3.53213253060768015391e-06	
 3.06963199105644067867e-07	-1.39749069654248297804e-06	-1.47695045026428385319e-07	-3.19390833460133831770e-06	 1.88803375560819620461e-05	 2.36229240463806504651e-06	 2.49187346853366713195e-08	 3.99824354870253262031e-06	 4.55059024091263253581e-06	 1.98606447461478965655e-06	 1.14504388395564028714e-05	 3.09753723867793337564e-07	 3.84551679436412040958e-06	 2.63884877092269176340e-06	 2.74890025755710758242e-06	 2.48629122276958866876e-06	 3.59079497494225530476e-06	-1.24915330683313256786e-06	-6.49264751398522063397e-06	-1.05041082851647302188e-02	-1.36030817402850584541e-02	-1.77269849955043502787e-02	-8.25900876252274804279e-03	-2.43581855017864665092e-06	-2.62861478099187214608e-06	-2.48689953461009291544e-06	-3.12426718195915909410e-06	
 2.13651707496895158417e-07	-1.30394040871178630914e-06	-6.47948776692767477513e-07	-2.05692089467700710929e-06	 6.40875124973925904421e-06	 1.75991897639333403300e-06	-1.32144414215986984184e-06	 3.59599301131327737753e-06	 2.98684947170685230459e-06	 3.19812549596527469797e-06	 3.09753723867793337564e-07	 1.19587213696331320012e-05	-6.56868189012162149129e-07	 4.58529461659927910764e-06	 2.78957611311846264391e-06	 1.90276511318103200245e-07	 4.18735028849245310723e-06	 6.45728726467261653684e-06	-1.53557563023258413914e-05	-7.66929462937759789248e-03	-2.32874481412497225108e-02	-2.20799839692057270346e-02	-1.05144942642871191962e-02	-2.81019248304765762090e-06	-1.32242858848772917145e-06	-1.62786375310661267703e-06	-1.88711556561593136868e-06	
 4.13570095794611021819e-07	-1.48340534987138205711e-06	 2.07790222248019817656e-07	-3.96501194194156791884e-06	 2.40811851125313506803e-05	 2.70643118166627142274e-06	 1.94592235592294066832e-07	 5.48631351766890118049e-06	 4.78368152852759432551e-06	 4.39215265729534912106e-06	 3.84551679436412040958e-06	-6.56868189012162149129e-07	 1.49468987286810488295e-05	-5.64861571932946676706e-07	 4.10057952534524419031e-06	 2.23569426359658699280e-06	 4.10595823203343265553e-06	-2.12579687181573328072e-05	 4.18278957765008740037e-06	-2.10428078162536759399e-02	-1.02953185437845793487e-02	-1.65706911528490374863e-02	-1.28421631527927994354e-02	-1.77577922915026189041e-06	-2.95857447037091092764e-06	-2.32790112734590130158e-06	-3.14234338226966013728e-06	
 2.76331452576830773566e-07	-1.32568796910281873435e-06	-3.62103063875355174867e-07	-2.43304842859587640945e-06	 1.08951645340255318860e-05	 2.06646036391021221788e-06	-1.03203915374939743815e-06	 3.53271054267386551919e-06	 3.16462261597032423814e-06	 2.47469560172665328828e-06	 2.63884877092269176340e-06	 4.58529461659927910764e-06	-5.64861571932946676706e-07	 1.82952869781283881403e-05	-8.62730577046284817114e-07	 7.84822635817675882607e-07	 3.41262007110255558709e-06	 6.41932026646315754007e-07	-3.13619509592295910794e-06	-3.04433419562588061455e-03	-1.92968034423062553828e-02	-1.66202116397556227956e-02	-8.27329537470098373697e-03	-3.13309415200183264105e-06	-2.19305448622598508920e-06	-2.27226749545506693869e-06	-2.40775033814563133321e-06	
 2.77546546390273406221e-07	-1.31483324014214015123e-06	-1.52073804055516040988e-07	-3.29904568911899301141e-06	 1.76644464265152673749e-05	 2.33875415800330755449e-06	-5.55373462486940171056e-07	 3.78695621715682329190e-06	 5.36993926841761071465e-06	 3.57359555212102865599e-06	 2.74890025755710758242e-06	 2.78957611311846264391e-06	 4.10057952534524419031e-06	-8.62730577046284817114e-07	 1.55629256593975258080e-05	 2.97249691885136706800e-07	 4.16103394425707275007e-06	 6.07037147046137333340e-05	-4.83883445091775924135e-05	-1.25296378420539332443e-02	-1.93243861247245525548e-02	-1.45650180535120462449e-02	-3.51268071471701800318e-03	-2.25249691983803616087e-06	-1.91541189918412545806e-06	-2.10334576965706775882e-06	-2.89788387620403264526e-06	
 6.84978947521738784035e-10	-6.74632568029309720187e-07	 1.67018261160122804840e-07	-1.53596139713885351149e-06	 6.48597306389719385799e-06	 7.90432450794903321613e-07	-6.34391444858660488089e-07	 1.85755969363720151512e-06	 3.40176539616789678144e-06	 1.24977809590140434609e-06	 2.48629122276958866876e-06	 1.90276511318103200245e-07	 2.23569426359658699280e-06	 7.84822635817675882607e-07	 2.97249691885136706800e-07	 1.34088864827373950621e-05	 2.54617261534505258074e-06	-4.83725203411519921954e-05	 2.52666735262796281853e-05	-1.26951494531676312150e-02	-4.71335982687337475688e-03	-1.30800387327712260704e-02	-6.15836477986717728550e-03	-1.23656307973269345390e-07	-1.16070976378279726013e-06	-7.47264947681908884700e-07	-1.41769736365068865768e-06	
 3.32110731721258539066e-07	-1.51196193738062016379e-06	 5.75212106243758390488e-07	-3.37732974900083100935e-06	 1.33955862980179759143e-05	 2.44655639845209496344e-06	-1.87803609689395108179e-06	 5.16588545595316302661e-06	 5.50907593591899343835e-06	 4.29189694644159308660e-06	 3.59079497494225530476e-06	 4.18735028849245310723e-06	 4.10595823203343265553e-06	 3.41262007110255558709e-06	 4.16103394425707275007e-06	 2.54617261534505258074e-06	 1.47842985599601724260e-05	-1.35520581907213472084e-05	 2.91447371665535728361e-07	-1.67473082114452491431e-02	-1.91395430289002695112e-02	-2.62653256590098908851e-02	-1.22173169296154893876e-02	-2.25144031233988326204e-06	-2.03238430024036552970e-06	-1.68822712389514295262e-06	-2.62272146302782962045e-06	
 2.55964333437871085277e-06	-1.16562395244938567408e-05	 5.05522922920985785886e-05	-2.90900250150780294691e-05	 3.27275195368009177901e-04	 1.08478060762410623443e-05	 6.57066415763221499261e-05	 5.46582951682073105181e-06	 1.02473227582277509503e-05	 5.42676287538314914703e-05	-1.24915330683313256786e-06	 6.45728726467261653684e-06	-2.12579687181573328072e-05	 6.41932026646315754007e-07	 6.07037147046137333340e-05	-4.83725203411519921954e-05	-1.35520581907213472084e-05	 3.48710235031379905957e-02	-2.07171718650564495867e-02	-2.54567450093277525269e-01	 2.53830948486753804616e-01	 1.71134888500729498428e-01	-7.31178852108340104898e-02	 2.06998698232806018133e-06	-4.83759571294389549719e-05	-1.91203471436865381390e-05	-4.69529836745987310857e-06	
-2.39228164842610529833e-06	 1.15719669083704745737e-05	-2.79863587490015979376e-05	 2.67002092079108948024e-05	-2.58235626444030380838e-04	-1.38145548587977900373e-05	-4.26659390376374694775e-05	-1.45954446661510429983e-05	-1.77480866050646319643e-05	-3.97460994103925581108e-05	-6.49264751398522063397e-06	-1.53557563023258413914e-05	 4.18278957765008740037e-06	-3.13619509592295910794e-06	-4.83883445091775924135e-05	 2.52666735262796281853e-05	 2.91447371665535728361e-07	-2.07171718650564495867e-02	 1.26218365355801817596e-02	 2.06989305258847511304e-01	-8.52504942810489024785e-02	-2.43663701424085277214e-02	 1.24889684821156241035e-01	 5.63922822332110144065e-06	 3.50525081192798289233e-05	 1.87802725273559914033e-05	 7.77147323225607620264e-06	
-1.28693589658758749533e-03	 9.87581475051194090931e-03	-2.29779026864997126811e-02	 2.05740912118587276902e-02	-1.70489295832047860202e-01	-1.10711968787353242510e-02	-2.30790763126823700313e-02	-1.57237614363246631932e-02	-1.79494431954834235410e-02	-1.65000200527266327466e-02	-1.05041082851647302188e-02	-7.66929462937759789248e-03	-2.10428078162536759399e-02	-3.04433419562588061455e-03	-1.25296378420539332443e-02	-1.26951494531676312150e-02	-1.67473082114452491431e-02	-2.54567450093277525269e-01	 2.06989305258847511304e-01	 5.64675422694942881208e+02	 1.75508627046929404969e+02	 1.82240188175301682350e+02	 1.87553361892310277881e+02	-2.70529503310490207491e-02	 8.46853380053886294065e-03	 6.43799431383942043217e-03	 5.32229659370912853295e-03	
-1.50899729516254998626e-03	 1.05166721295765295402e-02	-1.71628515529910936899e-02	 2.00975659329109199169e-02	-1.43101594049225067096e-01	-1.27226516221289765590e-02	-1.42369395550450937582e-02	-1.62597506208597142319e-02	-1.72467678918697756019e-02	-1.75238656380105432830e-02	-1.36030817402850584541e-02	-2.32874481412497225108e-02	-1.02953185437845793487e-02	-1.92968034423062553828e-02	-1.93243861247245525548e-02	-4.71335982687337475688e-03	-1.91395430289002695112e-02	 2.53830948486753804616e-01	-8.52504942810489024785e-02	 1.75508627046929404969e+02	 6.30717966452569839930e+02	 1.82293452809158594619e+02	 1.68535920464809350960e+02	 8.67508514451497368680e-03	-2.59987462074744227203e-02	 8.75794688607573271200e-03	 9.75628997557146868114e-03	
-1.99977161643137861177e-03	 1.22136210355244557990e-02	-2.57572170702111483132e-02	 2.50384619933827594351e-02	-1.92709491993225068285e-01	-1.49568965790809332850e-02	-2.28914598948272048073e-02	-1.92234332726361686894e-02	-2.37787805252151068780e-02	-1.66584354310560719958e-02	-1.77269849955043502787e-02	-2.20799839692057270346e-02	-1.65706911528490374863e-02	-1.66202116397556227956e-02	-1.45650180535120462449e-02	-1.30800387327712260704e-02	-2.62653256590098908851e-02	 1.71134888500729498428e-01	-2.43663701424085277214e-02	 1.82240188175301682350e+02	 1.82293452809158594619e+02	 7.16894451188934112906e+02	 1.62999477783250597440e+02	 1.31033352540533797048e-02	 1.34297111139573491917e-02	-2.76124443146202012966e-02	 1.37048173538185415199e-02	
-1.24294700180138184900e-03	 8.89331809547366444746e-03	-2.36866207184173484246e-02	 1.74580533391425693490e-02	-1.53552677107624352404e-01	-9.33519734396190924153e-03	-2.48794303901809267521e-02	-1.18305765463818778754e-02	-1.43575134481149207372e-02	-1.20440124582092550343e-02	-8.25900876252274804279e-03	-1.05144942642871191962e-02	-1.28421631527927994354e-02	-8.27329537470098373697e-03	-3.51268071471701800318e-03	-6.15836477986717728550e-03	-1.22173169296154893876e-02	-7.31178852108340104898e-02	 1.24889684821156241035e-01	 1.87553361892310277881e+02	 1.68535920464809350960e+02	 1.62999477783250597440e+02	 7.57106649571276307142e+02	 4.32545402474997491699e-03	 4.33122224293458132904e-03	 5.82054705038320945726e-03	-3.60682299852283574926e-02	
-3.61831604441091083670e-07	 1.52078664949762007251e-06	 1.02609347490714396459e-06	 2.91057522081421849930e-06	-2.00114409655371889337e-05	-2.50528337979916195327e-06	-1.25305986313797796593e-06	-4.26622962213987817911e-06	-3.63166699230080258358e-06	-3.20556954675004145231e-06	-2.43581855017864665092e-06	-2.81019248304765762090e-06	-1.77577922915026189041e-06	-3.13309415200183264105e-06	-2.25249691983803616087e-06	-1.23656307973269345390e-07	-2.25144031233988326204e-06	 2.06998698232806018133e-06	 5.63922822332110144065e-06	-2.70529503310490207491e-02	 8.67508514451497368680e-03	 1.31033352540533797048e-02	 4.32545402474997491699e-03	 7.19975108715466080323e-06	 3.32458983996314379189e-06	 2.80901506208003563754e-06	 3.65738776060242336765e-06	
-3.65086836842228794169e-07	 1.60539655400568328249e-06	 8.14266616180226910768e-07	 3.26227878653548745638e-06	-2.43799956086705134947e-05	-2.62698302950228562586e-06	-2.04659803870879367538e-06	-4.63274750109880974490e-06	-3.81112773628458533629e-06	-3.51528956238882589488e-06	-2.62861478099187214608e-06	-1.32242858848772917145e-06	-2.95857447037091092764e-06	-2.19305448622598508920e-06	-1.91541189918412545806e-06	-1.16070976378279726013e-06	-2.03238430024036552970e-06	-4.83759571294389549719e-05	 3.50525081192798289233e-05	 8.46853380053886294065e-03	-2.59987462074744227203e-02	 1.34297111139573491917e-02	 4.33122224293458132904e-03	 3.32458983996314379189e-06	 7.19546869474276924391e-06	 2.89836269900809887022e-06	 3.70826676426531005464e-06	
-3.14215510333977767583e-07	 1.35282959530372387085e-06	 1.59428016118056143880e-06	 2.65960448982619424011e-06	-1.74677114151008681443e-05	-2.28365426362817323586e-06	-7.54027564556741455690e-07	-4.09313503462323208742e-06	-3.36210876925536043157e-06	-3.34630559947780040843e-06	-2.48689953461009291544e-06	-1.62786375310661267703e-06	-2.32790112734590130158e-06	-2.27226749545506693869e-06	-2.10334576965706775882e-06	-7.47264947681908884700e-07	-1.68822712389514295262e-06	-1.91203471436865381390e-05	 1.87802725273559914033e-05	 6.43799431383942043217e-03	 8.75794688607573271200e-03	-2.76124443146202012966e-02	 5.82054705038320945726e-03	 2.80901506208003563754e-06	 2.89836269900809887022e-06	 6.68893100473111632741e-06	 3.10819698670216450331e-06	
-3.72412932173054210242e-07	 1.65991700236004218780e-06	 1.29470254050819411446e-06	 3.35349579812714298992e-06	-2.35156520528097407721e-05	-2.74086088290789826332e-06	-1.54844496859436104315e-06	-4.55297566401429716604e-06	-3.97658608125993829794e-06	-3.53213253060768015391e-06	-3.12426718195915909410e-06	-1.88711556561593136868e-06	-3.14234338226966013728e-06	-2.40775033814563133321e-06	-2.89788387620403264526e-06	-1.41769736365068865768e-06	-2.62272146302782962045e-06	-4.69529836745987310857e-06	 7.77147323225607620264e-06	 5.32229659370912853295e-03	 9.75628997557146868114e-03	 1.37048173538185415199e-02	-3.60682299852283574926e-02	 3.65738776060242336765e-06	 3.70826676426531005464e-06	 3.10819698670216450331e-06	 7.82642633441785846513e-06	
