#          Omega_b,                h,              n_s,           sigma8,       N_eff_camb,        m_nu_camb,     Omega_m_camb,         tau_reio,           bias_1,           bias_2,           bias_3,           bias_4,           bias_5,           bias_6,           bias_7,           bias_8,           bias_9,          bias_10,              aIA,            etaIA,          P_shot0,          P_shot1,          P_shot2,          P_shot3,      lnbsigma8_0,      lnbsigma8_1,      lnbsigma8_2,      lnbsigma8_3
 9.26540027386086248883e-08	-1.94593760641233592095e-07	-1.70843492358180853186e-07	-3.93006047573073908620e-07	-2.64208745473593705107e-06	 1.97412320016369691143e-06	 3.03750744036488434760e-07	 1.24128002099428769427e-07	 6.01490794943124854471e-07	 4.79685169387601986703e-07	 4.38755186838565106049e-07	 3.95032255440425142294e-07	 4.48983274152489811909e-07	 3.85476603342785280872e-07	 3.03969630699124076485e-07	 3.35727408581411167576e-07	 4.88583834649952080256e-07	 2.56487403786994714427e-07	 5.76617575358601676069e-06	-4.45082567461667934883e-06	-2.18722260479590097397e-04	-1.62558043870615447080e-03	-1.40603448224218348546e-03	-8.71953910335070960999e-04	-4.65869041616555908324e-07	-3.58671199867970837369e-07	-3.55915957284041512319e-07	-4.15613832205000585992e-07	
-1.94593760641233592095e-07	 1.47699531693922989604e-06	-2.49513122466072730522e-08	 1.84745593403115061104e-06	 1.14032379348130882124e-05	-8.14349799012954411151e-06	-1.18844067533006288497e-06	-4.34752672732346542395e-07	-2.38001153726569295900e-06	-2.10003352752897162677e-06	-1.85577785122964958271e-06	-1.99553934228044200366e-06	-1.82574067951340637959e-06	-1.97580584980209206464e-06	-2.14510516445357100535e-06	-1.96918421536662439241e-06	-1.89032704349428108073e-06	-2.09865466412407909686e-06	 1.01015375412506890282e-06	 5.16420938868472301312e-06	 1.18293895968847508765e-02	 1.75133195565586319287e-02	 1.12197601354588286787e-02	 1.60732115726159550950e-02	 1.93441890185047816471e-06	 1.74271206626110806635e-06	 1.89837372566750832187e-06	 1.71430285941209480308e-06	
-1.70843492358180853186e-07	-2.49513122466072730522e-08	 4.99190357946478643181e-06	 6.28951729866314542946e-07	-1.57741211668939041540e-06	 9.12658331366239578182e-06	-1.06856169148375965444e-06	 4.66231676160446256181e-06	-2.86303199054062444380e-06	-2.52172245198951294339e-06	-2.62417563240585617501e-06	-3.19220923346165290672e-06	-2.25205093450974156813e-06	-1.54097640942507207155e-06	-2.17471923007403850840e-06	-1.87100115592419597390e-06	-2.52419525650244984031e-06	-1.11191435210802366644e-06	 4.66806644451504099917e-05	-2.40101895184112679388e-05	-1.67234968838742108221e-02	-1.78312441702109560071e-02	-8.75657685642871816412e-03	-3.03592403494948002984e-02	 2.07764947493043045836e-06	 1.62570465109039407486e-06	 1.78968528938986013963e-06	 2.89884167318944438791e-06	
-3.93006047573073908620e-07	 1.84745593403115061104e-06	 6.28951729866314542946e-07	 5.32233410091672373162e-06	-1.63352195421123392834e-05	-3.29286194972516950159e-05	-3.37680410477950120109e-06	-1.92593700260978730702e-06	-6.15299246134327944692e-06	-5.58304453550262345815e-06	-5.57908968654143504429e-06	-4.35893271327605425543e-06	-3.80521289954168847474e-06	-3.39153508600544309584e-06	-5.66317917353535615270e-06	-4.48523623288548230420e-06	-4.38372846551293973076e-06	-4.11606197999913688186e-06	 6.46367591605943114872e-06	 7.91413521865750998411e-06	 8.89869342445162407607e-03	 1.94654249637334839096e-02	 1.70335594706874336735e-02	 1.67907227942851976221e-02	 3.68787741562202055643e-06	 3.17250115070002937541e-06	 2.89232923082165983576e-06	 3.43037963014190366547e-06	
-2.64208745473593705107e-06	 1.14032379348130882124e-05	-1.57741211668939041540e-06	-1.63352195421123392834e-05	 5.86946865100333356989e-04	 1.87582764519788697472e-04	 8.91752801642060325858e-06	 1.66617171026046007477e-05	 9.62855143469269616292e-06	 9.97681358315558021942e-06	 1.59436834943948232014e-05	-1.99390467381972967846e-06	-6.58553190032741209500e-06	-9.62646242545122168832e-06	 2.01572515561141285144e-05	 2.96027791771401880741e-06	-1.63111245145891958827e-06	 3.41929007237414378089e-06	-3.31501834459046887740e-04	 1.81420034529536274839e-04	 1.26934305743826497670e-01	 1.51408335706624541661e-01	 4.03382346242591172114e-02	 1.27840256932970575132e-01	 4.37277669250800338007e-06	 4.43202793801883928346e-06	 1.25149716997980096119e-05	 3.96477466595284984245e-06	
 1.97412320016369691143e-06	-8.14349799012954411151e-06	 9.12658331366239578182e-06	-3.29286194972516950159e-05	 1.87582764519788697472e-04	 3.22481995718145147533e-04	 1.94300493849287689719e-05	 4.84266637191221364597e-05	 2.68101127672812670436e-05	 2.13345871521471531563e-05	 2.18395972190655784028e-05	 1.09167044661122504155e-05	 5.02410903098102745430e-06	 9.99508719363725237062e-06	 1.68609799831308665170e-05	 1.45486738705880234144e-05	 7.99266983061681084860e-06	 1.02080379399799248076e-05	 1.65966846824433224500e-04	-1.90707308233861857691e-04	-4.89846379753215294128e-02	-9.08527316746475799292e-02	-6.75949010915267572974e-02	-1.16799612079597756042e-01	-1.71968088385058594236e-05	-1.70089943574060971127e-05	-1.37523358089941455303e-05	-1.49091594425446900016e-05	
 3.03750744036488434760e-07	-1.18844067533006288497e-06	-1.06856169148375965444e-06	-3.37680410477950120109e-06	 8.91752801642060325858e-06	 1.94300493849287689719e-05	 2.34068889060440758683e-06	 5.91695901966653737335e-07	 4.32310307922032767359e-06	 3.70520347976967017784e-06	 3.79752505928311315426e-06	 2.99339356204217943119e-06	 2.74925767123004733054e-06	 2.50408843021439340336e-06	 3.72563565064642367340e-06	 2.98544609108986749244e-06	 2.98829028025058722256e-06	 2.69112032770571152964e-06	-9.12461282926650929211e-06	-2.45521691327403809122e-06	-3.24043641953899704336e-03	-1.04259581269348835381e-02	-9.98705902727584429734e-03	-6.63956202684994403751e-03	-2.77178947370770207640e-06	-2.29542261635035607732e-06	-2.13569907252727564224e-06	-2.64246280795195913105e-06	
 1.24128002099428769427e-07	-4.34752672732346542395e-07	 4.66231676160446256181e-06	-1.92593700260978730702e-06	 1.66617171026046007477e-05	 4.84266637191221364597e-05	 5.91695901966653737335e-07	 1.40192764598940560004e-05	-1.34637299450803766938e-06	-2.16156346375427468987e-06	-2.57366615883196664263e-06	-3.50220934193284967679e-06	-4.86305753057126524273e-06	-1.95111515807896589281e-06	-4.54652900104665633939e-06	-2.42590706980382034820e-06	-3.95915546420097926662e-06	-2.94076667340770828762e-06	 9.53773038000515132944e-05	-7.04706679224812067297e-05	-9.01534167313166809321e-03	-8.50908668731427224319e-03	 2.38399059257356378799e-04	-2.11763986506469867321e-02	-8.39714129714502058678e-08	-8.15923258889354077701e-07	-4.05579790973050739184e-07	 5.13278158444441459216e-07	
 6.01490794943124854471e-07	-2.38001153726569295900e-06	-2.86303199054062444380e-06	-6.15299246134327944692e-06	 9.62855143469269616292e-06	 2.68101127672812670436e-05	 4.32310307922032767359e-06	-1.34637299450803766938e-06	 1.06009234636956305690e-05	 7.24237926886685444102e-06	 7.99572337528245005798e-06	 6.59624169231686876603e-06	 6.14945535591216649307e-06	 5.52096898730007963521e-06	 7.37639765236542501093e-06	 6.35513029931484749023e-06	 6.95247417841204178431e-06	 5.56029157733999329259e-06	-4.14379087521070019716e-05	 1.11718224409438178979e-05	-4.53871647123139064506e-03	-2.21677901489735172669e-02	-1.93762297583108429599e-02	-1.17798794946052751836e-02	-5.47878654270823606660e-06	-4.15478877942492812739e-06	-4.31163197763448675253e-06	-5.16367460751752538220e-06	
 4.79685169387601986703e-07	-2.10003352752897162677e-06	-2.52172245198951294339e-06	-5.58304453550262345815e-06	 9.97681358315558021942e-06	 2.13345871521471531563e-05	 3.70520347976967017784e-06	-2.16156346375427468987e-06	 7.24237926886685444102e-06	 1.18323932412275477122e-05	 6.35086407651151235937e-06	 6.26486326426782216175e-06	 6.34553929909727834635e-06	 4.55848984300897363652e-06	 8.21285316304892313861e-06	 5.87311675573109916968e-06	 5.62605722358862750024e-06	 5.13468400632862924637e-06	 1.53956211964741841302e-05	-2.02643288341539349890e-05	-6.12980019629742571563e-03	-1.93722100522557803826e-02	-1.73333900522640756148e-02	-1.04333468419428344875e-02	-4.50675270649810106785e-06	-3.49752528369909344898e-06	-3.54171030745261260789e-06	-4.25803419580643655387e-06	
 4.38755186838565106049e-07	-1.85577785122964958271e-06	-2.62417563240585617501e-06	-5.57908968654143504429e-06	 1.59436834943948232014e-05	 2.18395972190655784028e-05	 3.79752505928311315426e-06	-2.57366615883196664263e-06	 7.99572337528245005798e-06	 6.35086407651151235937e-06	 1.39157303665023132552e-05	 4.37888740732047774282e-06	 6.43826525750524786024e-06	 5.24139032146428359175e-06	 8.01798415036848689461e-06	 5.64084502137362453988e-06	 7.90333255757257864365e-06	 5.38731413846633854810e-06	-6.76017798123177657580e-05	 2.86362287243847604354e-05	-5.87359502448079467962e-03	-1.90877805991346780057e-02	-2.11270235722385499311e-02	-8.40036769737465167929e-03	-4.34349541678839063048e-06	-3.26156102631742189811e-06	-2.98823220309736311718e-06	-4.28768051283228110210e-06	
 3.95032255440425142294e-07	-1.99553934228044200366e-06	-3.19220923346165290672e-06	-4.35893271327605425543e-06	-1.99390467381972967846e-06	 1.09167044661122504155e-05	 2.99339356204217943119e-06	-3.50220934193284967679e-06	 6.59624169231686876603e-06	 6.26486326426782216175e-06	 4.37888740732047774282e-06	 1.65081242802649480461e-05	 3.65500867317644221780e-06	 4.35075560878548396593e-06	 7.49177236290045140603e-06	 4.48189649605457625809e-06	 6.00859261338294501996e-06	 4.76592793152591615941e-06	 1.91926339769244367857e-05	-1.56735267192777082113e-05	-1.21966050256583895955e-02	-1.34954745054126912240e-02	-1.62900861370080599078e-02	-1.18891283207471099709e-02	-3.35072962504003051646e-06	-3.68044934685732229480e-06	-3.07328936697598782671e-06	-3.77976097903356009710e-06	
 4.48983274152489811909e-07	-1.82574067951340637959e-06	-2.25205093450974156813e-06	-3.80521289954168847474e-06	-6.58553190032741209500e-06	 5.02410903098102745430e-06	 2.74925767123004733054e-06	-4.86305753057126524273e-06	 6.14945535591216649307e-06	 6.34553929909727834635e-06	 6.43826525750524786024e-06	 3.65500867317644221780e-06	 1.71006917827232167027e-05	 2.02063491312387866452e-06	 9.35755303445135556755e-06	 5.02652433043841326640e-06	 6.00005686324174771385e-06	 6.75907849982011703886e-06	-3.46102781982029003441e-05	 9.94123555533343633474e-06	-1.22727236648669628394e-02	-2.66210218804502629641e-02	-1.53532750332632476203e-02	-1.01815060636171253461e-02	-3.50108672145395103835e-06	-2.47664279283408048066e-06	-2.98375904568418674184e-06	-3.91262878798932342192e-06	
 3.85476603342785280872e-07	-1.97580584980209206464e-06	-1.54097640942507207155e-06	-3.39153508600544309584e-06	-9.62646242545122168832e-06	 9.99508719363725237062e-06	 2.50408843021439340336e-06	-1.95111515807896589281e-06	 5.52096898730007963521e-06	 4.55848984300897363652e-06	 5.24139032146428359175e-06	 4.35075560878548396593e-06	 2.02063491312387866452e-06	 1.32444529433780478221e-05	 1.99885957056004052453e-06	 4.49004659237435788485e-06	 4.74822158299596025016e-06	 3.04309322721855760879e-06	 1.38511184525890223217e-05	-1.73490698252562466973e-05	-1.29417229126436526127e-02	-1.90720161188963413523e-02	-2.00019977808930243812e-02	-1.41876918691880935658e-02	-3.50866773988571476007e-06	-2.87647698264195276823e-06	-2.34548597052292676169e-06	-3.06180027134991511841e-06	
 3.03969630699124076485e-07	-2.14510516445357100535e-06	-2.17471923007403850840e-06	-5.66317917353535615270e-06	 2.01572515561141285144e-05	 1.68609799831308665170e-05	 3.72563565064642367340e-06	-4.54652900104665633939e-06	 7.37639765236542501093e-06	 8.21285316304892313861e-06	 8.01798415036848689461e-06	 7.49177236290045140603e-06	 9.35755303445135556755e-06	 1.99885957056004052453e-06	 2.41356178344676196757e-05	 3.60850828575093508397e-06	 8.60809465958922831442e-06	 6.17041089565993063434e-06	-1.01370230027477372021e-04	 5.62176843817195905323e-05	-1.04487289096987130688e-02	-2.76942469564685420091e-02	-2.21022167926027135465e-02	-1.22582875977323684652e-02	-4.20929013193681544170e-06	-2.98320922473331716661e-06	-3.21157074504934767007e-06	-4.93851905951048390851e-06	
 3.35727408581411167576e-07	-1.96918421536662439241e-06	-1.87100115592419597390e-06	-4.48523623288548230420e-06	 2.96027791771401880741e-06	 1.45486738705880234144e-05	 2.98544609108986749244e-06	-2.42590706980382034820e-06	 6.35513029931484749023e-06	 5.87311675573109916968e-06	 5.64084502137362453988e-06	 4.48189649605457625809e-06	 5.02652433043841326640e-06	 4.49004659237435788485e-06	 3.60850828575093508397e-06	 1.61431770286456703178e-05	 2.93176098805414147208e-06	 7.31524025989130428547e-06	-3.65740909920716172031e-05	 1.81890899052775567753e-05	-6.64349900015122341035e-03	-2.53115017955155841012e-02	-1.98185305122455489302e-02	-1.55648914162566359004e-02	-3.79320172417002011831e-06	-2.73651677103893930439e-06	-3.07919853261219206961e-06	-3.24344675357658615003e-06	
 4.88583834649952080256e-07	-1.89032704349428108073e-06	-2.52419525650244984031e-06	-4.38372846551293973076e-06	-1.63111245145891958827e-06	 7.99266983061681084860e-06	 2.98829028025058722256e-06	-3.95915546420097926662e-06	 6.95247417841204178431e-06	 5.62605722358862750024e-06	 7.90333255757257864365e-06	 6.00859261338294501996e-06	 6.00005686324174771385e-06	 4.74822158299596025016e-06	 8.60809465958922831442e-06	 2.93176098805414147208e-06	 1.80473022090395130866e-05	 4.16844223481522630414e-06	-5.05125990934525813804e-05	 1.66282246894923950518e-05	-7.79825411909619223283e-03	-2.32085317774464554297e-02	-1.73759738294162260908e-02	-7.08110710960388640978e-03	-3.58004690387261632805e-06	-2.23043879701266302011e-06	-2.41412296468296750851e-06	-3.90175757458144842056e-06	
 2.56487403786994714427e-07	-2.09865466412407909686e-06	-1.11191435210802366644e-06	-4.11606197999913688186e-06	 3.41929007237414378089e-06	 1.02080379399799248076e-05	 2.69112032770571152964e-06	-2.94076667340770828762e-06	 5.56029157733999329259e-06	 5.13468400632862924637e-06	 5.38731413846633854810e-06	 4.76592793152591615941e-06	 6.75907849982011703886e-06	 3.04309322721855760879e-06	 6.17041089565993063434e-06	 7.31524025989130428547e-06	 4.16844223481522630414e-06	 1.74452582437416035062e-05	-5.16259022527328342161e-05	 2.76827553708636847575e-05	-1.76844958701803181556e-02	-2.69630500871974841670e-02	-1.31510952779216993419e-02	-1.87909205734123271880e-02	-2.72329577339901822240e-06	-2.53247076960536645542e-06	-3.45313769364037581963e-06	-3.24870334009709725226e-06	
 5.76617575358601676069e-06	 1.01015375412506890282e-06	 4.66806644451504099917e-05	 6.46367591605943114872e-06	-3.31501834459046887740e-04	 1.65966846824433224500e-04	-9.12461282926650929211e-06	 9.53773038000515132944e-05	-4.14379087521070019716e-05	 1.53956211964741841302e-05	-6.76017798123177657580e-05	 1.91926339769244367857e-05	-3.46102781982029003441e-05	 1.38511184525890223217e-05	-1.01370230027477372021e-04	-3.65740909920716172031e-05	-5.05125990934525813804e-05	-5.16259022527328342161e-05	 3.41536576206373301834e-02	-2.09071268241844028524e-02	-6.89658136073152266965e-02	 3.75675564689668561869e-01	-8.44153319594244111457e-02	-2.98795059509549716659e-02	 7.90752713627878762201e-06	-2.88609075248535735961e-05	 1.75619336493353682199e-05	 8.28908387475460441878e-06	
-4.45082567461667934883e-06	 5.16420938868472301312e-06	-2.40101895184112679388e-05	 7.91413521865750998411e-06	 1.81420034529536274839e-04	-1.90707308233861857691e-04	-2.45521691327403809122e-06	-7.04706679224812067297e-05	 1.11718224409438178979e-05	-2.02643288341539349890e-05	 2.86362287243847604354e-05	-1.56735267192777082113e-05	 9.94123555533343633474e-06	-1.73490698252562466973e-05	 5.62176843817195905323e-05	 1.81890899052775567753e-05	 1.66282246894923950518e-05	 2.76827553708636847575e-05	-2.09071268241844028524e-02	 1.31256144787676391067e-02	 7.05424491141379700343e-02	-2.05014013386350196777e-01	 7.27049823216387863800e-02	 4.33095428049152519900e-02	 5.12851610337119077438e-06	 2.75951065899831565916e-05	 7.78432951058481193482e-07	 7.55596409914788565669e-06	
-2.18722260479590097397e-04	 1.18293895968847508765e-02	-1.67234968838742108221e-02	 8.89869342445162407607e-03	 1.26934305743826497670e-01	-4.89846379753215294128e-02	-3.24043641953899704336e-03	-9.01534167313166809321e-03	-4.53871647123139064506e-03	-6.12980019629742571563e-03	-5.87359502448079467962e-03	-1.21966050256583895955e-02	-1.22727236648669628394e-02	-1.29417229126436526127e-02	-1.04487289096987130688e-02	-6.64349900015122341035e-03	-7.79825411909619223283e-03	-1.76844958701803181556e-02	-6.89658136073152266965e-02	 7.05424491141379700343e-02	 5.19166266602996188340e+02	 2.15663139443941219042e+02	 1.02781408933092009761e+02	 2.78660365151876874279e+02	-2.54761496196281231330e-02	 8.04465957873963521951e-03	 8.91132657453967517991e-03	-1.69992016690961476530e-03	
-1.62558043870615447080e-03	 1.75133195565586319287e-02	-1.78312441702109560071e-02	 1.94654249637334839096e-02	 1.51408335706624541661e-01	-9.08527316746475799292e-02	-1.04259581269348835381e-02	-8.50908668731427224319e-03	-2.21677901489735172669e-02	-1.93722100522557803826e-02	-1.90877805991346780057e-02	-1.34954745054126912240e-02	-2.66210218804502629641e-02	-1.90720161188963413523e-02	-2.76942469564685420091e-02	-2.53115017955155841012e-02	-2.32085317774464554297e-02	-2.69630500871974841670e-02	 3.75675564689668561869e-01	-2.05014013386350196777e-01	 2.15663139443941219042e+02	 7.35890103976914474515e+02	 1.60655519131357351625e+02	 2.66577995238796859212e+02	 1.64005798581564159189e-02	-2.30229891450948291609e-02	 1.73864212420040201157e-02	 1.25841221262764334232e-02	
-1.40603448224218348546e-03	 1.12197601354588286787e-02	-8.75657685642871816412e-03	 1.70335594706874336735e-02	 4.03382346242591172114e-02	-6.75949010915267572974e-02	-9.98705902727584429734e-03	 2.38399059257356378799e-04	-1.93762297583108429599e-02	-1.73333900522640756148e-02	-2.11270235722385499311e-02	-1.62900861370080599078e-02	-1.53532750332632476203e-02	-2.00019977808930243812e-02	-2.21022167926027135465e-02	-1.98185305122455489302e-02	-1.73759738294162260908e-02	-1.31510952779216993419e-02	-8.44153319594244111457e-02	 7.27049823216387863800e-02	 1.02781408933092009761e+02	 1.60655519131357351625e+02	 5.73785983979024194923e+02	 1.59111234136369404268e+02	 1.25676195096095268122e-02	 1.16197335715714569759e-02	-2.55756508736456993069e-02	 1.27636408323048896468e-02	
-8.71953910335070960999e-04	 1.60732115726159550950e-02	-3.03592403494948002984e-02	 1.67907227942851976221e-02	 1.27840256932970575132e-01	-1.16799612079597756042e-01	-6.63956202684994403751e-03	-2.11763986506469867321e-02	-1.17798794946052751836e-02	-1.04333468419428344875e-02	-8.40036769737465167929e-03	-1.18891283207471099709e-02	-1.01815060636171253461e-02	-1.41876918691880935658e-02	-1.22582875977323684652e-02	-1.55648914162566359004e-02	-7.08110710960388640978e-03	-1.87909205734123271880e-02	-2.98795059509549716659e-02	 4.33095428049152519900e-02	 2.78660365151876874279e+02	 2.66577995238796859212e+02	 1.59111234136369404268e+02	 8.38545615206030788613e+02	 3.30426635575453622046e-03	 1.01150865868373501105e-02	 1.14233084470228458962e-02	-3.27177828233117043433e-02	
-4.65869041616555908324e-07	 1.93441890185047816471e-06	 2.07764947493043045836e-06	 3.68787741562202055643e-06	 4.37277669250800338007e-06	-1.71968088385058594236e-05	-2.77178947370770207640e-06	-8.39714129714502058678e-08	-5.47878654270823606660e-06	-4.50675270649810106785e-06	-4.34349541678839063048e-06	-3.35072962504003051646e-06	-3.50108672145395103835e-06	-3.50866773988571476007e-06	-4.20929013193681544170e-06	-3.79320172417002011831e-06	-3.58004690387261632805e-06	-2.72329577339901822240e-06	 7.90752713627878762201e-06	 5.12851610337119077438e-06	-2.54761496196281231330e-02	 1.64005798581564159189e-02	 1.25676195096095268122e-02	 3.30426635575453622046e-03	 7.84784113873909765647e-06	 3.15158254177483663729e-06	 3.40415059780195533031e-06	 4.31701640951653682816e-06	
-3.58671199867970837369e-07	 1.74271206626110806635e-06	 1.62570465109039407486e-06	 3.17250115070002937541e-06	 4.43202793801883928346e-06	-1.70089943574060971127e-05	-2.29542261635035607732e-06	-8.15923258889354077701e-07	-4.15478877942492812739e-06	-3.49752528369909344898e-06	-3.26156102631742189811e-06	-3.68044934685732229480e-06	-2.47664279283408048066e-06	-2.87647698264195276823e-06	-2.98320922473331716661e-06	-2.73651677103893930439e-06	-2.23043879701266302011e-06	-2.53247076960536645542e-06	-2.88609075248535735961e-05	 2.75951065899831565916e-05	 8.04465957873963521951e-03	-2.30229891450948291609e-02	 1.16197335715714569759e-02	 1.01150865868373501105e-02	 3.15158254177483663729e-06	 6.79198137829551491020e-06	 2.80784598593598822209e-06	 3.19377852764366579498e-06	
-3.55915957284041512319e-07	 1.89837372566750832187e-06	 1.78968528938986013963e-06	 2.89232923082165983576e-06	 1.25149716997980096119e-05	-1.37523358089941455303e-05	-2.13569907252727564224e-06	-4.05579790973050739184e-07	-4.31163197763448675253e-06	-3.54171030745261260789e-06	-2.98823220309736311718e-06	-3.07328936697598782671e-06	-2.98375904568418674184e-06	-2.34548597052292676169e-06	-3.21157074504934767007e-06	-3.07919853261219206961e-06	-2.41412296468296750851e-06	-3.45313769364037581963e-06	 1.75619336493353682199e-05	 7.78432951058481193482e-07	 8.91132657453967517991e-03	 1.73864212420040201157e-02	-2.55756508736456993069e-02	 1.14233084470228458962e-02	 3.40415059780195533031e-06	 2.80784598593598822209e-06	 7.21380939843600075428e-06	 3.10552198065946328506e-06	
-4.15613832205000585992e-07	 1.71430285941209480308e-06	 2.89884167318944438791e-06	 3.43037963014190366547e-06	 3.96477466595284984245e-06	-1.49091594425446900016e-05	-2.64246280795195913105e-06	 5.13278158444441459216e-07	-5.16367460751752538220e-06	-4.25803419580643655387e-06	-4.28768051283228110210e-06	-3.77976097903356009710e-06	-3.91262878798932342192e-06	-3.06180027134991511841e-06	-4.93851905951048390851e-06	-3.24344675357658615003e-06	-3.90175757458144842056e-06	-3.24870334009709725226e-06	 8.28908387475460441878e-06	 7.55596409914788565669e-06	-1.69992016690961476530e-03	 1.25841221262764334232e-02	 1.27636408323048896468e-02	-3.27177828233117043433e-02	 4.31701640951653682816e-06	 3.19377852764366579498e-06	 3.10552198065946328506e-06	 7.49857489100524753312e-06	
