#           w0_fld,           wa_fld,          Omega_b,                h,              n_s,           sigma8,       N_eff_camb,        m_nu_camb,     Omega_m_camb,         tau_reio,           bias_1,           bias_2,           bias_3,           bias_4,           bias_5,           bias_6,           bias_7,           bias_8,           bias_9,          bias_10,              aIA,            etaIA,          P_shot0,          P_shot1,          P_shot2,          P_shot3,      lnbsigma8_0,      lnbsigma8_1,      lnbsigma8_2,      lnbsigma8_3
 4.91790168745775252944e-04	-1.29154259575675004618e-03	 2.87205547529588592028e-06	-2.63062821645188120377e-06	 1.18719762073391017928e-05	-3.70120856755267900115e-05	 8.44986240571290580376e-04	 1.75582478616689955124e-04	 3.80385099307654098123e-05	 6.89242592666975878771e-06	-2.02345101110253804166e-05	-3.54621932838790823316e-05	-4.06541461846741415936e-05	-5.72633955526652719745e-05	-2.79325177079981713433e-05	-5.93482916439796250084e-05	-2.39077622754251576883e-05	-4.52783387661285144214e-05	-1.81440426939861344108e-05	-2.72240627996422485384e-05	-2.30407811130771590516e-04	 5.45416375427217116107e-05	-7.89250019221716080098e-03	-5.09211613193257459087e-02	-3.16917745047066226616e-02	-4.60553539679798146222e-02	-4.70201564323458100496e-05	-4.28962733079180221982e-05	-4.14714531478789039196e-05	-4.01932150078361061316e-05	
-1.29154259575675004618e-03	 4.67022656784877622516e-03	-2.96330102695279960383e-06	-1.43791970242812561389e-05	-2.61662166072251439817e-05	 1.36482699228872013213e-04	-2.26475705244401056063e-03	-1.14844269321630223883e-03	-1.05804272104150726770e-04	-1.90779919709429217475e-05	 3.05492494490673067238e-05	 2.47025631594645928165e-05	 4.67233033878325089384e-05	 5.62594655805695245134e-05	-1.45119901446673814566e-05	 4.15213038216245676091e-05	-3.34229544196944466754e-05	 8.86355913127807945194e-06	-6.03521989964099205223e-05	-8.59141806399879034246e-05	 1.97864063358534330445e-03	-1.15921836740987644829e-03	-9.25117890237226250805e-03	-1.06849564038835373458e-01	-1.05848451879510651458e-02	 1.10661038039801720712e-01	 4.58065863695050157710e-05	 5.90062247884076657807e-05	 4.38178326401662918566e-05	 3.62562421719528062093e-05	
 2.87205547529588592028e-06	-2.96330102695279960383e-06	 9.50006035440811653698e-08	-2.00927693332038115460e-07	-1.80990549063792381623e-08	-2.78401666234238716053e-07	 2.26778435199262287848e-06	-9.82731343261276431994e-07	 3.56237784356371775531e-07	-6.75107461522258296716e-08	 1.55409958430860401294e-07	-7.12767162636933728248e-08	-2.28890428066004219486e-07	-4.30218072585593784149e-07	-9.69839038142777685509e-08	-4.59885333670840070714e-07	-1.16281669187232939422e-07	-3.65426613073056862550e-07	-2.14364215073126536810e-07	-4.39205553906345729949e-07	 1.56838430419310563297e-06	-3.07814406877279600841e-06	-8.74292014384730640716e-04	-1.59343880950122925889e-03	-6.78787979648267920767e-04	 2.23617135181305436999e-05	-7.49369867370543496407e-07	-6.60111231439577930469e-07	-7.34350370613819233655e-07	-7.44147780205659808141e-07	
-2.63062821645188120377e-06	-1.43791970242812561389e-05	-2.00927693332038115460e-07	 1.20552458491361224149e-06	 5.36838914681802242921e-07	 7.85390617022579974560e-07	-3.38793754021685092797e-07	 7.37654832202001556942e-06	-1.00927677095653993905e-06	 7.38069807013377752700e-07	-1.46602505833064510660e-06	-9.67165352581931670646e-07	-2.58916681935294120362e-07	 7.75672501923491888215e-07	-8.33555407979169844764e-07	 8.79506093832386246189e-07	-9.41064895542766860129e-07	 5.26603548363177892946e-07	 2.18760558115120930102e-07	 1.10588214248626603899e-06	-1.99065992441185248202e-05	 2.04667881903660156485e-05	 6.77060636643055536316e-03	 1.06614696534303964037e-02	 7.67589051724521485853e-03	 5.26610648047781161607e-03	 2.84946962888439253827e-06	 2.46878001048677256815e-06	 2.77073619596410910846e-06	 2.74954844219756054872e-06	
 1.18719762073391017928e-05	-2.61662166072251439817e-05	-1.80990549063792381623e-08	 5.36838914681802242921e-07	 5.33852235097414694662e-06	 2.67518049584974895771e-07	 2.40028142131641132346e-05	 1.56704248044431486951e-05	-4.41663463566526354327e-07	 7.26177002579248114656e-06	-3.94364668246604553511e-06	-5.88297777823479743495e-06	-3.17494931346420447633e-06	-3.23872745465904951563e-06	-4.47010076625553142825e-06	-5.56752578624558428497e-06	-4.16451031973883587569e-06	-4.32969129447283771590e-06	-3.78716460540879775527e-06	-4.45795148543291643408e-06	 1.71621507562066136438e-05	-3.58453555806775095788e-06	-1.18665744065857402950e-02	-1.75179772178177886599e-02	 2.02337445400806170692e-03	-1.47607587686040975933e-02	 1.51574703074590301345e-06	 2.06703738220972084945e-06	-8.97753389381921981430e-08	 1.55538062735212228324e-06	
-3.70120856755267900115e-05	 1.36482699228872013213e-04	-2.78401666234238716053e-07	 7.85390617022579974560e-07	 2.67518049584974895771e-07	 7.91778516595250220721e-06	-8.26398432122257028780e-05	-5.77149570300843685897e-05	-5.60162095372149415249e-06	-1.33996142367704086236e-06	-4.31603519895829648722e-06	-4.29859305903331225630e-06	-3.10443462384896524177e-06	-1.74022637924028266016e-06	-5.29350602604719737226e-06	-2.76932833813742430878e-06	-6.68503040509861117229e-06	-2.77566525725184409654e-06	-6.21296876534750516010e-06	-6.25165780256305734857e-06	 6.48964708071244570503e-05	-2.25690799821137769155e-05	 8.89628428289218967095e-03	-3.41339319931799247548e-03	-2.62827365041276659469e-03	 3.43495263956314876574e-03	 3.30844575747629617837e-06	 4.70219058313829156673e-06	 4.90094450985758395539e-06	 3.87917777346960078992e-06	
 8.44986240571290580376e-04	-2.26475705244401056063e-03	 2.26778435199262287848e-06	-3.38793754021685092797e-07	 2.40028142131641132346e-05	-8.26398432122257028780e-05	 1.98742651961337276484e-03	 5.60960130134111707376e-04	 7.68756992825539523786e-05	 5.17414336141566096072e-05	-1.80110536294106496704e-05	-5.69421926911677954495e-05	-5.49565107194527791186e-05	-9.05721641121565894991e-05	-4.51301644561042419510e-05	-9.22765320210753561738e-05	-4.08266414645515795991e-05	-8.21491299662558587327e-05	-2.43442675713805890565e-05	-4.78194003808735603627e-05	-3.98807375937851045066e-04	 1.34839571023070524251e-05	-2.65019080675712548172e-04	 6.15470865136587413913e-02	 5.42328326782272676643e-02	-2.24586511491186050990e-03	-7.40852785577025320114e-05	-8.06101920559295525475e-05	-7.96691283241662335417e-05	-7.33674266701064901712e-05	
 1.75582478616689955124e-04	-1.14844269321630223883e-03	-9.82731343261276431994e-07	 7.37654832202001556942e-06	 1.56704248044431486951e-05	-5.77149570300843685897e-05	 5.60960130134111707376e-04	 7.64519357245049260494e-04	 2.91594566688436024847e-05	 7.10572410669552915075e-05	 1.68312601046498769406e-05	 2.07465640872848448785e-05	 2.72653016912094940801e-05	 3.17251024891664510307e-05	 4.70363065649244418650e-05	 3.20629646443935107237e-05	 5.05657790110326639207e-05	 3.02223467281767211267e-05	 5.37355760695436296013e-05	 6.09879692695749860338e-05	-5.50327452646555415061e-04	 3.34726446040676975206e-04	-6.54576580371654948021e-02	 1.23683118743883088686e-01	 1.42838045769635518800e-01	-1.57400915820044597082e-02	 2.23810086217171890757e-05	 3.88339168098854107777e-06	-3.07016347745452150331e-06	 1.30158405415905060142e-05	
 3.80385099307654098123e-05	-1.05804272104150726770e-04	 3.56237784356371775531e-07	-1.00927677095653993905e-06	-4.41663463566526354327e-07	-5.60162095372149415249e-06	 7.68756992825539523786e-05	 2.91594566688436024847e-05	 4.86270193371981046890e-06	-5.26934810804429557899e-08	 2.40129447173173667210e-06	 1.26404976309699277034e-06	-5.97858421647226422345e-08	-1.83141919957772414556e-06	 1.77830363821388815129e-06	-1.30300157592312207930e-06	 2.17692873491566136885e-06	-6.58492670531149174970e-07	 1.90731614263223644606e-06	 1.09475156936190759147e-06	-3.23304930523620782934e-05	 1.71789190618175481243e-06	-5.29188474102617548850e-03	-1.82269895799155867699e-03	-4.27342306739648698094e-03	-8.95725965750798444089e-04	-5.00345999550122272001e-06	-5.54460372782475502634e-06	-5.33050218680087402133e-06	-5.29637294749948181092e-06	
 6.89242592666975878771e-06	-1.90779919709429217475e-05	-6.75107461522258296716e-08	 7.38069807013377752700e-07	 7.26177002579248114656e-06	-1.33996142367704086236e-06	 5.17414336141566096072e-05	 7.10572410669552915075e-05	-5.26934810804429557899e-08	 2.29791616167741574457e-05	-5.71482510992513386555e-06	-1.00197764828997338583e-05	-4.94883744942241337862e-06	-5.97401572206967350332e-06	-4.73888884806465047984e-06	-1.01520123877242424951e-05	-6.66234263210686358120e-06	-9.79030121934086000146e-06	-6.84004708637994644099e-06	-1.06601205056835038803e-05	 1.09908996689359048158e-04	-5.99720121718444525117e-05	-1.67865052042523270337e-02	-3.85908059311249182141e-03	 3.01685245089003094277e-02	-1.04300793449977786953e-02	 2.07324125180600408737e-06	 1.87825909859516573725e-06	-2.19690913872597160336e-06	 1.59979648054820825484e-06	
-2.02345101110253804166e-05	 3.05492494490673067238e-05	 1.55409958430860401294e-07	-1.46602505833064510660e-06	-3.94364668246604553511e-06	-4.31603519895829648722e-06	-1.80110536294106496704e-05	 1.68312601046498769406e-05	 2.40129447173173667210e-06	-5.71482510992513386555e-06	 1.16129993051494699173e-05	 1.17747346611405714190e-05	 9.47766472144971196625e-06	 1.02686626284678349312e-05	 1.08409853016674831254e-05	 1.23434715016504166117e-05	 1.14467854557595188810e-05	 1.08632279318558380840e-05	 1.01631550329760207013e-05	 1.19232648205461758606e-05	-6.96620092201984689390e-05	 2.33435644920537103009e-05	-8.03188676357559881713e-03	 4.90453753130440546493e-03	-1.13836801562458879433e-02	 1.05307659371074689714e-02	-1.90774015041499889233e-07	-2.35761867117694958409e-06	-1.61023114211967426765e-06	-2.40902075039248439142e-06	
-3.54621932838790823316e-05	 2.47025631594645928165e-05	-7.12767162636933728248e-08	-9.67165352581931670646e-07	-5.88297777823479743495e-06	-4.29859305903331225630e-06	-5.69421926911677954495e-05	 2.07465640872848448785e-05	 1.26404976309699277034e-06	-1.00197764828997338583e-05	 1.17747346611405714190e-05	 2.12704047035009508515e-05	 1.24665320235246384451e-05	 1.62196770857020858075e-05	 1.49821737665316133533e-05	 2.00284339730041071085e-05	 1.75681560929344748683e-05	 1.76922733822190802035e-05	 1.57186063893818034234e-05	 1.96489640935854779815e-05	-1.46885468731493452768e-04	 7.63091350827569824163e-05	-5.01221052564909501370e-03	 1.14765897515055163847e-02	-3.98546802623823579956e-04	 5.34616860111393477073e-03	 2.95431418087860568820e-06	 9.02029464763593901299e-07	 1.52383888953531387598e-06	 1.48514863492221771153e-06	
-4.06541461846741415936e-05	 4.67233033878325089384e-05	-2.28890428066004219486e-07	-2.58916681935294120362e-07	-3.17494931346420447633e-06	-3.10443462384896524177e-06	-5.49565107194527791186e-05	 2.72653016912094940801e-05	-5.97858421647226422345e-08	-4.94883744942241337862e-06	 9.47766472144971196625e-06	 1.24665320235246384451e-05	 2.06835628896377751588e-05	 1.31494017563765466561e-05	 1.21623536301872734193e-05	 1.76695961275885492150e-05	 1.57574568346690503814e-05	 1.45134746989631445961e-05	 1.42372074512798866430e-05	 1.80495747707452667142e-05	-8.57915274842347775133e-05	 5.30034725389167896007e-05	 2.00198706762354282709e-03	 1.90624429785265815662e-02	 1.09176410369530175332e-02	-1.96937059359969827629e-03	 4.28200143219071957437e-06	 2.10764296197306619498e-06	 2.17993932033549322569e-06	 3.79120045369349220095e-06	
-5.72633955526652719745e-05	 5.62594655805695245134e-05	-4.30218072585593784149e-07	 7.75672501923491888215e-07	-3.23872745465904951563e-06	-1.74022637924028266016e-06	-9.05721641121565894991e-05	 3.17251024891664510307e-05	-1.83141919957772414556e-06	-5.97401572206967350332e-06	 1.02686626284678349312e-05	 1.62196770857020858075e-05	 1.31494017563765466561e-05	 2.61013738418870730007e-05	 1.23313151064642616695e-05	 2.29589941648300553505e-05	 1.60111337329263405066e-05	 1.85486780949756061042e-05	 1.50726448998396178489e-05	 2.04396516055456017045e-05	-2.04218041418695339141e-04	 1.38139983975541874540e-04	 2.92646434994996368709e-03	 2.14120593762298395968e-02	 2.50261853419988297004e-03	-3.69314865886827530667e-03	 8.89281311494714095302e-06	 6.74252574961773387278e-06	 7.46144887850948174157e-06	 7.93997346837152823845e-06	
-2.79325177079981713433e-05	-1.45119901446673814566e-05	-9.69839038142777685509e-08	-8.33555407979169844764e-07	-4.47010076625553142825e-06	-5.29350602604719737226e-06	-4.51301644561042419510e-05	 4.70363065649244418650e-05	 1.77830363821388815129e-06	-4.73888884806465047984e-06	 1.08409853016674831254e-05	 1.49821737665316133533e-05	 1.21623536301872734193e-05	 1.23313151064642616695e-05	 2.26464895832079245066e-05	 1.50415410221145246227e-05	 1.75505473817465034413e-05	 1.58455273440067815954e-05	 1.58801035676867689447e-05	 2.05732830326784008545e-05	-5.30208351332879946737e-05	 2.55068875651681540358e-05	-1.05431567677944631328e-02	 1.05795439757580926610e-02	-1.12397468457172706319e-02	 4.16400648927470716509e-03	 3.40001786027463226886e-06	 7.68427564613092357274e-07	 2.40274780123964124708e-06	 1.83114854793553725501e-06	
-5.93482916439796250084e-05	 4.15213038216245676091e-05	-4.59885333670840070714e-07	 8.79506093832386246189e-07	-5.56752578624558428497e-06	-2.76932833813742430878e-06	-9.22765320210753561738e-05	 3.20629646443935107237e-05	-1.30300157592312207930e-06	-1.01520123877242424951e-05	 1.23434715016504166117e-05	 2.00284339730041071085e-05	 1.76695961275885492150e-05	 2.29589941648300553505e-05	 1.50415410221145246227e-05	 3.48976041013620682445e-05	 1.77112496563460083672e-05	 2.47283557958263315786e-05	 1.86187235376706242238e-05	 2.44627278166662597112e-05	-1.40787872979881219671e-04	 9.07008646682342387427e-05	 2.69862357552022461352e-03	 2.85092652241842221816e-02	 9.85916701424343656923e-03	 5.96667052987915474960e-03	 9.80234804650917199576e-06	 6.48358002439910034584e-06	 7.89850049178515299566e-06	 7.42031906185671149352e-06	
-2.39077622754251576883e-05	-3.34229544196944466754e-05	-1.16281669187232939422e-07	-9.41064895542766860129e-07	-4.16451031973883587569e-06	-6.68503040509861117229e-06	-4.08266414645515795991e-05	 5.05657790110326639207e-05	 2.17692873491566136885e-06	-6.66234263210686358120e-06	 1.14467854557595188810e-05	 1.75681560929344748683e-05	 1.57574568346690503814e-05	 1.60111337329263405066e-05	 1.75505473817465034413e-05	 1.77112496563460083672e-05	 3.44842167473916790259e-05	 1.65164845384290965061e-05	 1.87390268334733413867e-05	 2.35625572378278977620e-05	-1.21236816336529505071e-04	 6.74845314032721275499e-05	-2.90026514070711449733e-02	-3.38062033243882731348e-03	-5.84984239610619478206e-03	-2.14042918386940115780e-03	 4.72007046246835641377e-06	 1.32435295533515621610e-06	 1.72677492711295473097e-06	 2.13373950468007740118e-06	
-4.52783387661285144214e-05	 8.86355913127807945194e-06	-3.65426613073056862550e-07	 5.26603548363177892946e-07	-4.32969129447283771590e-06	-2.77566525725184409654e-06	-8.21491299662558587327e-05	 3.02223467281767211267e-05	-6.58492670531149174970e-07	-9.79030121934086000146e-06	 1.08632279318558380840e-05	 1.76922733822190802035e-05	 1.45134746989631445961e-05	 1.85486780949756061042e-05	 1.58455273440067815954e-05	 2.47283557958263315786e-05	 1.65164845384290965061e-05	 3.01143660286254457876e-05	 1.54710275674450356911e-05	 2.29690627766874397558e-05	-1.01048314411900159895e-04	 5.64565937372307906947e-05	-6.46365380069544807201e-03	 1.38480323385911964496e-02	 3.64750657324799292328e-03	-9.42234061088181515387e-04	 8.59953433122799640624e-06	 5.96269500397125146906e-06	 6.18806936440270437597e-06	 6.49446067090494722049e-06	
-1.81440426939861344108e-05	-6.03521989964099205223e-05	-2.14364215073126536810e-07	 2.18760558115120930102e-07	-3.78716460540879775527e-06	-6.21296876534750516010e-06	-2.43442675713805890565e-05	 5.37355760695436296013e-05	 1.90731614263223644606e-06	-6.84004708637994644099e-06	 1.01631550329760207013e-05	 1.57186063893818034234e-05	 1.42372074512798866430e-05	 1.50726448998396178489e-05	 1.58801035676867689447e-05	 1.86187235376706242238e-05	 1.87390268334733413867e-05	 1.54710275674450356911e-05	 2.47590509283780796292e-05	 2.31772842142401064324e-05	-1.54378167099170104156e-04	 1.00712655731929293535e-04	-4.77083528500593743310e-03	 2.00640702988985029920e-02	 5.96750835505804183567e-03	 6.90623168959639179704e-03	 5.32169893786038819127e-06	 1.60840907178939903145e-06	 3.05574161411944074759e-06	 3.59694876982148390541e-06	
-2.72240627996422485384e-05	-8.59141806399879034246e-05	-4.39205553906345729949e-07	 1.10588214248626603899e-06	-4.45795148543291643408e-06	-6.25165780256305734857e-06	-4.78194003808735603627e-05	 6.09879692695749860338e-05	 1.09475156936190759147e-06	-1.06601205056835038803e-05	 1.19232648205461758606e-05	 1.96489640935854779815e-05	 1.80495747707452667142e-05	 2.04396516055456017045e-05	 2.05732830326784008545e-05	 2.44627278166662597112e-05	 2.35625572378278977620e-05	 2.29690627766874397558e-05	 2.31772842142401064324e-05	 3.91328911104368956826e-05	-1.59366418392573874156e-04	 1.08156695789333686698e-04	-1.92931968122218898756e-03	 2.76432921962997332765e-02	 1.09437170387853815318e-03	 1.41128283026888817764e-02	 9.25432093285869974010e-06	 5.91332376667958619677e-06	 7.33202591605088534410e-06	 6.56712124612686390835e-06	
-2.30407811130771590516e-04	 1.97864063358534330445e-03	 1.56838430419310563297e-06	-1.99065992441185248202e-05	 1.71621507562066136438e-05	 6.48964708071244570503e-05	-3.98807375937851045066e-04	-5.50327452646555415061e-04	-3.23304930523620782934e-05	 1.09908996689359048158e-04	-6.96620092201984689390e-05	-1.46885468731493452768e-04	-8.57915274842347775133e-05	-2.04218041418695339141e-04	-5.30208351332879946737e-05	-1.40787872979881219671e-04	-1.21236816336529505071e-04	-1.01048314411900159895e-04	-1.54378167099170104156e-04	-1.59366418392573874156e-04	 3.61143532492581298410e-02	-2.19636246663045542338e-02	-3.27041695896088169260e-01	-2.74540930804579641489e-01	 4.11982906754698563478e-01	 5.77045788513499635641e-01	-4.06810966392853994977e-05	-1.79922389631799490445e-05	-1.12924207969579185030e-04	-1.37996803310604462421e-04	
 5.45416375427217116107e-05	-1.15921836740987644829e-03	-3.07814406877279600841e-06	 2.04667881903660156485e-05	-3.58453555806775095788e-06	-2.25690799821137769155e-05	 1.34839571023070524251e-05	 3.34726446040676975206e-04	 1.71789190618175481243e-06	-5.99720121718444525117e-05	 2.33435644920537103009e-05	 7.63091350827569824163e-05	 5.30034725389167896007e-05	 1.38139983975541874540e-04	 2.55068875651681540358e-05	 9.07008646682342387427e-05	 6.74845314032721275499e-05	 5.64565937372307906947e-05	 1.00712655731929293535e-04	 1.08156695789333686698e-04	-2.19636246663045542338e-02	 1.36973191155790770257e-02	 2.11066703179638048837e-01	 2.41380933811235764974e-01	-2.73018689004228876094e-01	-3.71964433276511963200e-01	 5.72862338277788083244e-05	 3.66108135910474144330e-05	 1.01779484067345427772e-04	 1.15792399477916897093e-04	
-7.89250019221716080098e-03	-9.25117890237226250805e-03	-8.74292014384730640716e-04	 6.77060636643055536316e-03	-1.18665744065857402950e-02	 8.89628428289218967095e-03	-2.65019080675712548172e-04	-6.54576580371654948021e-02	-5.29188474102617548850e-03	-1.67865052042523270337e-02	-8.03188676357559881713e-03	-5.01221052564909501370e-03	 2.00198706762354282709e-03	 2.92646434994996368709e-03	-1.05431567677944631328e-02	 2.69862357552022461352e-03	-2.90026514070711449733e-02	-6.46365380069544807201e-03	-4.77083528500593743310e-03	-1.92931968122218898756e-03	-3.27041695896088169260e-01	 2.11066703179638048837e-01	 5.82075842668412747116e+02	 2.63926933701229472717e+02	 1.03511435077813075623e+02	 2.79391793158521739571e+00	-3.61858803089635250316e-02	-9.61761745384985718144e-04	 1.08432329180056762075e-02	 1.44828884419926137012e-02	
-5.09211613193257459087e-02	-1.06849564038835373458e-01	-1.59343880950122925889e-03	 1.06614696534303964037e-02	-1.75179772178177886599e-02	-3.41339319931799247548e-03	 6.15470865136587413913e-02	 1.23683118743883088686e-01	-1.82269895799155867699e-03	-3.85908059311249182141e-03	 4.90453753130440546493e-03	 1.14765897515055163847e-02	 1.90624429785265815662e-02	 2.14120593762298395968e-02	 1.05795439757580926610e-02	 2.85092652241842221816e-02	-3.38062033243882731348e-03	 1.38480323385911964496e-02	 2.00640702988985029920e-02	 2.76432921962997332765e-02	-2.74540930804579641489e-01	 2.41380933811235764974e-01	 2.63926933701229472717e+02	 7.49346206242169159850e+02	 9.39044218261101377720e+01	 1.60407486567568497549e+02	 7.52192309016053942822e-03	-3.01513620457178471712e-02	 2.53342077185232245062e-02	 1.50432165654653914044e-02	
-3.16917745047066226616e-02	-1.05848451879510651458e-02	-6.78787979648267920767e-04	 7.67589051724521485853e-03	 2.02337445400806170692e-03	-2.62827365041276659469e-03	 5.42328326782272676643e-02	 1.42838045769635518800e-01	-4.27342306739648698094e-03	 3.01685245089003094277e-02	-1.13836801562458879433e-02	-3.98546802623823579956e-04	 1.09176410369530175332e-02	 2.50261853419988297004e-03	-1.12397468457172706319e-02	 9.85916701424343656923e-03	-5.84984239610619478206e-03	 3.64750657324799292328e-03	 5.96750835505804183567e-03	 1.09437170387853815318e-03	 4.11982906754698563478e-01	-2.73018689004228876094e-01	 1.03511435077813075623e+02	 9.39044218261101377720e+01	 6.63946537090392325808e+02	-2.82319957460053627685e+00	 7.63598718397307842098e-03	 1.90227356688270135554e-02	-3.41785162971383338348e-02	 1.86873950103989203142e-02	
-4.60553539679798146222e-02	 1.10661038039801720712e-01	 2.23617135181305436999e-05	 5.26610648047781161607e-03	-1.47607587686040975933e-02	 3.43495263956314876574e-03	-2.24586511491186050990e-03	-1.57400915820044597082e-02	-8.95725965750798444089e-04	-1.04300793449977786953e-02	 1.05307659371074689714e-02	 5.34616860111393477073e-03	-1.96937059359969827629e-03	-3.69314865886827530667e-03	 4.16400648927470716509e-03	 5.96667052987915474960e-03	-2.14042918386940115780e-03	-9.42234061088181515387e-04	 6.90623168959639179704e-03	 1.41128283026888817764e-02	 5.77045788513499635641e-01	-3.71964433276511963200e-01	 2.79391793158521739571e+00	 1.60407486567568497549e+02	-2.82319957460053627685e+00	 7.56772186491536899666e+02	 1.59970172274400135315e-02	-4.62261719988001605619e-03	 1.63756630918756793114e-02	-4.13277250643736340785e-02	
-4.70201564323458100496e-05	 4.58065863695050157710e-05	-7.49369867370543496407e-07	 2.84946962888439253827e-06	 1.51574703074590301345e-06	 3.30844575747629617837e-06	-7.40852785577025320114e-05	 2.23810086217171890757e-05	-5.00345999550122272001e-06	 2.07324125180600408737e-06	-1.90774015041499889233e-07	 2.95431418087860568820e-06	 4.28200143219071957437e-06	 8.89281311494714095302e-06	 3.40001786027463226886e-06	 9.80234804650917199576e-06	 4.72007046246835641377e-06	 8.59953433122799640624e-06	 5.32169893786038819127e-06	 9.25432093285869974010e-06	-4.06810966392853994977e-05	 5.72862338277788083244e-05	-3.61858803089635250316e-02	 7.52192309016053942822e-03	 7.63598718397307842098e-03	 1.59970172274400135315e-02	 1.64126240983770949966e-05	 1.07898478952420254836e-05	 1.07247473427264196827e-05	 1.01826704687384949477e-05	
-4.28962733079180221982e-05	 5.90062247884076657807e-05	-6.60111231439577930469e-07	 2.46878001048677256815e-06	 2.06703738220972084945e-06	 4.70219058313829156673e-06	-8.06101920559295525475e-05	 3.88339168098854107777e-06	-5.54460372782475502634e-06	 1.87825909859516573725e-06	-2.35761867117694958409e-06	 9.02029464763593901299e-07	 2.10764296197306619498e-06	 6.74252574961773387278e-06	 7.68427564613092357274e-07	 6.48358002439910034584e-06	 1.32435295533515621610e-06	 5.96269500397125146906e-06	 1.60840907178939903145e-06	 5.91332376667958619677e-06	-1.79922389631799490445e-05	 3.66108135910474144330e-05	-9.61761745384985718144e-04	-3.01513620457178471712e-02	 1.90227356688270135554e-02	-4.62261719988001605619e-03	 1.07898478952420254836e-05	 1.40771314610617334130e-05	 8.66819125909358869622e-06	 1.03561605627598028793e-05	
-4.14714531478789039196e-05	 4.38178326401662918566e-05	-7.34350370613819233655e-07	 2.77073619596410910846e-06	-8.97753389381921981430e-08	 4.90094450985758395539e-06	-7.96691283241662335417e-05	-3.07016347745452150331e-06	-5.33050218680087402133e-06	-2.19690913872597160336e-06	-1.61023114211967426765e-06	 1.52383888953531387598e-06	 2.17993932033549322569e-06	 7.46144887850948174157e-06	 2.40274780123964124708e-06	 7.89850049178515299566e-06	 1.72677492711295473097e-06	 6.18806936440270437597e-06	 3.05574161411944074759e-06	 7.33202591605088534410e-06	-1.12924207969579185030e-04	 1.01779484067345427772e-04	 1.08432329180056762075e-02	 2.53342077185232245062e-02	-3.41785162971383338348e-02	 1.63756630918756793114e-02	 1.07247473427264196827e-05	 8.66819125909358869622e-06	 1.52881234521731735037e-05	 9.54719195495027363955e-06	
-4.01932150078361061316e-05	 3.62562421719528062093e-05	-7.44147780205659808141e-07	 2.74954844219756054872e-06	 1.55538062735212228324e-06	 3.87917777346960078992e-06	-7.33674266701064901712e-05	 1.30158405415905060142e-05	-5.29637294749948181092e-06	 1.59979648054820825484e-06	-2.40902075039248439142e-06	 1.48514863492221771153e-06	 3.79120045369349220095e-06	 7.93997346837152823845e-06	 1.83114854793553725501e-06	 7.42031906185671149352e-06	 2.13373950468007740118e-06	 6.49446067090494722049e-06	 3.59694876982148390541e-06	 6.56712124612686390835e-06	-1.37996803310604462421e-04	 1.15792399477916897093e-04	 1.44828884419926137012e-02	 1.50432165654653914044e-02	 1.86873950103989203142e-02	-4.13277250643736340785e-02	 1.01826704687384949477e-05	 1.03561605627598028793e-05	 9.54719195495027363955e-06	 1.44815270743864646320e-05	
