#           w0_fld,           wa_fld,          Omega_b,                h,              n_s,           sigma8,       N_eff_camb,        m_nu_camb,     Omega_m_camb,         tau_reio,           bias_1,           bias_2,           bias_3,           bias_4,           bias_5,           bias_6,           bias_7,           bias_8,           bias_9,          bias_10,              aIA,            etaIA,          P_shot0,          P_shot1,          P_shot2,          P_shot3,      lnbsigma8_0,      lnbsigma8_1,      lnbsigma8_2,      lnbsigma8_3
 7.86013295395760164079e-04	-2.47484303053070557599e-03	 3.17287581134160559990e-06	-8.67457141379403439725e-08	 1.42737825560898738648e-05	-6.14016703193258610999e-05	 1.21273648683250970075e-03	 4.01846017164326628924e-04	 5.85895689403412002700e-05	-2.22519008546760816447e-06	-3.98742377129205602436e-05	-5.95475633365095992897e-05	-5.42043686229575009646e-05	-4.34274799699439125193e-05	-4.75960058020814406931e-05	-3.37216498113914202230e-05	-3.03572470994185066213e-05	-2.60358623798497756865e-05	-1.38422161746547782982e-05	-3.61492510904259668194e-06	-4.05110809990914865018e-04	 7.69679165364863784784e-05	-1.16123592107624813013e-02	-5.65793729484530341645e-02	-7.07964949096152873498e-02	-1.02087578081168833810e-01	-5.71298786834292888419e-05	-5.18650743195995389415e-05	-4.84965729199094352456e-05	-4.37710266377332228799e-05	
-2.47484303053070557599e-03	 9.64041411306893088196e-03	-5.25496697580477768632e-06	-1.98648421835517023887e-05	-3.51104883593266253934e-05	 2.58120192175223083907e-04	-3.79775132201898291129e-03	-2.22901857939286022342e-03	-2.02933698876425945307e-04	 2.40800118775747462043e-05	 6.51678434165322607603e-05	 7.68639147687566329833e-05	 4.13740780908046702118e-05	-1.06909715831224603658e-05	-9.81714179472724320129e-06	-5.34107535218037357398e-05	-8.40118319816195630078e-05	-1.06102421050783440101e-04	-1.64686217174489778507e-04	-2.16437500247421138596e-04	 1.50017830542951502784e-03	-4.70597763924618178125e-04	 9.98284402851994101535e-02	 2.39320879379772699647e-01	 2.70405439531726576874e-01	 3.60889415904837640436e-01	 9.17092929945979970421e-05	 7.47288579664191353509e-05	 6.45321437756820047741e-05	 5.08140477508807556764e-05	
 3.17287581134160559990e-06	-5.25496697580477768632e-06	 9.65059953684545136781e-08	-2.17657841762039763624e-07	-1.41169652815064720523e-08	-3.77073010035270968961e-07	 2.47297340216605758071e-06	 6.16444433786703839443e-07	 4.16776716656863359293e-07	 1.39301687456469378957e-07	 1.24179685809058805614e-07	-1.57885156183875736015e-07	-1.98374942311420533012e-07	-2.09411433204164431561e-07	-2.82016658905863865650e-07	-2.31144446009617951514e-07	-2.66911280968036775513e-07	-3.14516542060841942628e-07	-2.74481226276310307193e-07	-3.34030925689792134233e-07	-2.36715422242604712363e-06	-6.41585739583937570264e-08	-8.17540237117783804774e-04	-9.59601523935538214261e-04	-9.43729371642263435184e-04	-9.44171248892803553592e-04	-7.63314286512147572919e-07	-7.51724552667340154299e-07	-7.53194162691212177173e-07	-7.39787269815537379052e-07	
-8.67457141379403439725e-08	-1.98648421835517023887e-05	-2.17657841762039763624e-07	 1.61043492970854119564e-06	 1.97462454049489624501e-07	 1.24011929746302781516e-06	 5.16575441396610488622e-06	 1.40759430048605519341e-06	-1.22616370453514573356e-06	-4.44387927410010449058e-07	-2.14360398710700086926e-06	-1.17227382427615889545e-06	-9.51369446884899161890e-07	-6.20660032600382786919e-07	-4.34212298473477911007e-07	-4.09660267069646747400e-07	-1.93037325332332077559e-07	 2.45644918795566815742e-08	 5.67281259870437548674e-08	 4.43923234613118233582e-07	 1.41081000894752747152e-06	 3.62314186850137354831e-06	 1.12606410694090133123e-02	 1.04476318851285249201e-02	 1.06967903092852738983e-02	 1.03255172699483529358e-02	 3.00598207447137561580e-06	 3.10935121465393070662e-06	 3.15183689425029849485e-06	 3.13530080646330334092e-06	
 1.42737825560898738648e-05	-3.51104883593266253934e-05	-1.41169652815064720523e-08	 1.97462454049489624501e-07	 5.11868793437520623531e-06	-8.55333733720479090161e-07	 3.27920188749820085941e-05	 1.63195940182458577709e-05	 5.41179381192662260090e-07	 4.51030702252606092539e-06	-2.94335659569653535931e-06	-3.49789939309358509351e-06	-3.25949286451895785569e-06	-3.25806421699158503552e-06	-3.21961058961350028081e-06	-2.75246846958886427434e-06	-2.96640801550496213001e-06	-2.28004750434239711785e-06	-2.56985621418066740451e-06	-2.38973359017015605298e-06	 1.17452857075895264032e-05	-7.62434364480792832328e-06	-1.05688113709144493324e-02	-1.30585633129224037291e-02	-1.31286645175011981029e-02	-1.60130447061882161264e-02	 3.08407660946091996634e-07	 4.14129766703891328893e-07	 4.97289819577473400461e-07	 7.26156836679315178696e-07	
-6.14016703193258610999e-05	 2.58120192175223083907e-04	-3.77073010035270968961e-07	 1.24011929746302781516e-06	-8.55333733720479090161e-07	 1.27930777726650943027e-05	-1.20775968860984301038e-04	-1.01702913872946321605e-04	-9.04873318236948737049e-06	-1.19242056294889930669e-06	-5.88746425564411053036e-06	-5.17991471965654103944e-06	-6.10822619019967504706e-06	-7.26584861656891150346e-06	-7.20358350707694568158e-06	-8.02918153409740483351e-06	-9.20028417671497967850e-06	-9.47354799646846009614e-06	-1.14876728929084636537e-05	-1.29230241140691142854e-05	 3.81465379662408534431e-05	-3.07743692433103240637e-06	 2.17481043990824067513e-02	 2.32097745560257487374e-02	 2.47911855841669130640e-02	 2.57303965161358207114e-02	 4.59946879240627177972e-06	 4.55840854822189673164e-06	 4.34588727657112486059e-06	 4.17924985886284531769e-06	
 1.21273648683250970075e-03	-3.79775132201898291129e-03	 2.47297340216605758071e-06	 5.16575441396610488622e-06	 3.27920188749820085941e-05	-1.20775968860984301038e-04	 2.57497841405697047018e-03	 8.84042690417385511499e-04	 1.08315216647265566093e-04	 2.49450299177029408127e-05	-4.00604945165899351488e-05	-7.46849891820628038717e-05	-6.78654114576831527135e-05	-5.41658649648924631656e-05	-5.93941572961871237053e-05	-4.44354144063819286067e-05	-3.54169156761758755847e-05	-3.13506964647160412557e-05	-1.55969164932454287700e-05	 5.36802515186087978415e-06	-4.54142366600810679002e-04	-4.22446580667930785360e-05	-1.07738971813807881545e-02	-8.51866956807080938363e-02	-1.07967778029250421890e-01	-1.56478380368087172103e-01	-8.56346510546189624560e-05	-7.93193593413390915211e-05	-7.42808892391743610982e-05	-6.90620988331076157045e-05	
 4.01846017164326628924e-04	-2.22901857939286022342e-03	 6.16444433786703839443e-07	 1.40759430048605519341e-06	 1.63195940182458577709e-05	-1.01702913872946321605e-04	 8.84042690417385511499e-04	 1.08794065552016323839e-03	 6.29817710764823940730e-05	 4.80410643271630247750e-05	 3.96812610366261610414e-05	 4.89114469788697425029e-05	 6.15246277546053804870e-05	 7.37622603874735758601e-05	 7.56464166926036537522e-05	 8.05392962907213236625e-05	 9.49114540132312256007e-05	 9.80786054404699669416e-05	 1.13983670243267539508e-04	 1.26199703351934002654e-04	-2.38882277698967629290e-04	 4.83450922026522366716e-05	-1.42101705443041903543e-01	-1.47554813521832861589e-01	-1.57779449699107815475e-01	-1.57685281665554316577e-01	 9.97351556066705538864e-07	 1.02652714131127944611e-06	 2.46228874696268614937e-06	 2.81319453831629512962e-06	
 5.85895689403412002700e-05	-2.02933698876425945307e-04	 4.16776716656863359293e-07	-1.22616370453514573356e-06	 5.41179381192662260090e-07	-9.04873318236948737049e-06	 1.08315216647265566093e-04	 6.29817710764823940730e-05	 7.37138141410863110452e-06	 4.56199577900590545609e-07	 2.66332179728647560447e-06	 9.18415024084475168041e-07	 1.35936527258088829054e-06	 2.08898473521590830729e-06	 1.81757187849865912108e-06	 2.52928486094485233698e-06	 3.18201309033197554066e-06	 3.23277303054398064123e-06	 4.57804121548676796848e-06	 5.47045863058585757495e-06	-3.02289427655557768311e-05	-1.01267901885848162731e-06	-1.42293185209114523421e-02	-1.64259879020638085989e-02	-1.77903932656848298710e-02	-1.89862608969904624046e-02	-5.89415357670155205740e-06	-5.74035706088888125331e-06	-5.54124046179849087673e-06	-5.33670386292944915678e-06	
-2.22519008546760816447e-06	 2.40800118775747462043e-05	 1.39301687456469378957e-07	-4.44387927410010449058e-07	 4.51030702252606092539e-06	-1.19242056294889930669e-06	 2.49450299177029408127e-05	 4.80410643271630247750e-05	 4.56199577900590545609e-07	 1.73556211301516448366e-05	-3.05162153425027124753e-06	-3.97006810687772480103e-06	-3.83590086307742160834e-06	-4.25225098743251038545e-06	-4.81884784310311053019e-06	-5.03911320793475751200e-06	-4.99399743637059001814e-06	-5.51452821188725795609e-06	-6.65704124628148670288e-06	-7.99100541921966072106e-06	 1.86026958806729626804e-05	-1.16732926339582606187e-05	-4.14784994256120389394e-03	-1.60173296910260678193e-03	-2.38465762122600823114e-03	-4.92588105573905487428e-04	-1.04606849908329235354e-06	-1.28297546829466263451e-06	-1.34035358118757033890e-06	-1.49177583920820660304e-06	
-3.98742377129205602436e-05	 6.51678434165322607603e-05	 1.24179685809058805614e-07	-2.14360398710700086926e-06	-2.94335659569653535931e-06	-5.88746425564411053036e-06	-4.00604945165899351488e-05	 3.96812610366261610414e-05	 2.66332179728647560447e-06	-3.05162153425027124753e-06	 1.63457882362805885035e-05	 1.53032592502617025476e-05	 1.57922116260206767124e-05	 1.54000898830203635057e-05	 1.59076207156171149919e-05	 1.49745679343608535016e-05	 1.54516774508491089746e-05	 1.52873338094652695619e-05	 1.58099878440505752647e-05	 1.63183208232449017286e-05	 9.33198172512590325438e-06	-8.79503736910828892498e-06	-2.55329223685326449356e-02	-2.05349990677268744166e-02	-1.98839829584398601614e-02	-1.76839432715706450228e-02	 9.92880740734225170635e-07	 2.16859113343742867103e-07	-1.39342034435604605424e-08	-4.24442257599438588466e-07	
-5.95475633365095992897e-05	 7.68639147687566329833e-05	-1.57885156183875736015e-07	-1.17227382427615889545e-06	-3.49789939309358509351e-06	-5.17991471965654103944e-06	-7.46849891820628038717e-05	 4.89114469788697425029e-05	 9.18415024084475168041e-07	-3.97006810687772480103e-06	 1.53032592502617025476e-05	 2.40464210730900509994e-05	 1.87057033945092994530e-05	 1.99824346941772833187e-05	 2.07250015526095582676e-05	 1.92804299165917759462e-05	 2.05675688104730555782e-05	 2.04889713000276593475e-05	 2.13553424986974919430e-05	 2.16164455047054100342e-05	 1.70585721139671409366e-05	-3.41679123688927153762e-06	-2.21140720590557518510e-02	-1.79223774391798172656e-02	-1.76554469414534585814e-02	-1.00559475930584903136e-02	 5.41752074934403344137e-06	 4.84188988345800427389e-06	 4.55335156775337446223e-06	 3.73520355282683757370e-06	
-5.42043686229575009646e-05	 4.13740780908046702118e-05	-1.98374942311420533012e-07	-9.51369446884899161890e-07	-3.25949286451895785569e-06	-6.10822619019967504706e-06	-6.78654114576831527135e-05	 6.15246277546053804870e-05	 1.35936527258088829054e-06	-3.83590086307742160834e-06	 1.57922116260206767124e-05	 1.87057033945092994530e-05	 2.77061383844313676805e-05	 1.87751215370106757036e-05	 2.23968014298529727779e-05	 2.00412376156438460913e-05	 2.17660123940761028594e-05	 2.19298658770903238642e-05	 2.28487555309789785844e-05	 2.38531176840811454782e-05	-1.07304143563967525454e-06	 6.33407353392364673065e-06	-2.44668674269515468156e-02	-1.87242097371002301498e-02	-1.79473558667252071352e-02	-1.31883937169896877512e-02	 6.22668400251503353357e-06	 5.45987048900757926433e-06	 5.12090770155854818884e-06	 4.52239151936976073530e-06	
-4.34274799699439125193e-05	-1.06909715831224603658e-05	-2.09411433204164431561e-07	-6.20660032600382786919e-07	-3.25806421699158503552e-06	-7.26584861656891150346e-06	-5.41658649648924631656e-05	 7.37622603874735758601e-05	 2.08898473521590830729e-06	-4.25225098743251038545e-06	 1.54000898830203635057e-05	 1.99824346941772833187e-05	 1.87751215370106757036e-05	 3.08269094812642179253e-05	 1.93706774269255486151e-05	 2.24170471607623176060e-05	 2.24736222372682989043e-05	 2.30077350985821454281e-05	 2.47779252199911705047e-05	 2.58654601737781863157e-05	 1.77930831591790301026e-05	-1.72343014832320636066e-06	-2.44219445840809894210e-02	-1.95984671339241196819e-02	-1.75445400782656690808e-02	-1.50584374870527601398e-02	 6.49987397835329539024e-06	 5.91973143962026407741e-06	 5.54397173596907371810e-06	 5.07726678675079484021e-06	
-4.75960058020814406931e-05	-9.81714179472724320129e-06	-2.82016658905863865650e-07	-4.34212298473477911007e-07	-3.21961058961350028081e-06	-7.20358350707694568158e-06	-5.93941572961871237053e-05	 7.56464166926036537522e-05	 1.81757187849865912108e-06	-4.81884784310311053019e-06	 1.59076207156171149919e-05	 2.07250015526095582676e-05	 2.23968014298529727779e-05	 1.93706774269255486151e-05	 3.58676650421744003835e-05	 1.86799916715517113589e-05	 2.57295776029749137092e-05	 2.44020446551660237413e-05	 2.62917913136526140380e-05	 2.81255029508774069297e-05	 1.24310182484305851633e-05	-1.62418806727475680511e-06	-2.18339947623439369073e-02	-2.06834908179769245973e-02	-2.04288638406587945429e-02	-1.38204724707139143397e-02	 7.20606407133523968434e-06	 6.93482099362156918576e-06	 6.76388467063652517051e-06	 6.05633607777093491522e-06	
-3.37216498113914202230e-05	-5.34107535218037357398e-05	-2.31144446009617951514e-07	-4.09660267069646747400e-07	-2.75246846958886427434e-06	-8.02918153409740483351e-06	-4.44354144063819286067e-05	 8.05392962907213236625e-05	 2.52928486094485233698e-06	-5.03911320793475751200e-06	 1.49745679343608535016e-05	 1.92804299165917759462e-05	 2.00412376156438460913e-05	 2.24170471607623176060e-05	 1.86799916715517113589e-05	 3.47546591615094054885e-05	 1.96951241610153588118e-05	 2.45063375326519973507e-05	 2.59397475835733713539e-05	 2.67927077708290226521e-05	-1.93481349938618446701e-05	 1.71754607941099109994e-05	-2.34763335695959939053e-02	-1.92712441211018124798e-02	-1.69418120104054756303e-02	-1.56245490114862300990e-02	 6.71176013951116509708e-06	 6.11082311381887110542e-06	 5.85887648219447279010e-06	 5.67314766592465033631e-06	
-3.03572470994185066213e-05	-8.40118319816195630078e-05	-2.66911280968036775513e-07	-1.93037325332332077559e-07	-2.96640801550496213001e-06	-9.20028417671497967850e-06	-3.54169156761758755847e-05	 9.49114540132312256007e-05	 3.18201309033197554066e-06	-4.99399743637059001814e-06	 1.54516774508491089746e-05	 2.05675688104730555782e-05	 2.17660123940761028594e-05	 2.24736222372682989043e-05	 2.57295776029749137092e-05	 1.96951241610153588118e-05	 4.07829462139900716889e-05	 2.27152719154209235938e-05	 2.84671803450794535064e-05	 3.01023804105150365488e-05	 4.61514308211505733115e-07	 8.06567741240511757535e-06	-2.42633585340173776879e-02	-2.31721106844033734873e-02	-1.98271005822661244844e-02	-1.78751281414475347853e-02	 7.29454095842401360018e-06	 7.05759877389596994139e-06	 6.57505938689439712875e-06	 6.20944472521478101475e-06	
-2.60358623798497756865e-05	-1.06102421050783440101e-04	-3.14516542060841942628e-07	 2.45644918795566815742e-08	-2.28004750434239711785e-06	-9.47354799646846009614e-06	-3.13506964647160412557e-05	 9.80786054404699669416e-05	 3.23277303054398064123e-06	-5.51452821188725795609e-06	 1.52873338094652695619e-05	 2.04889713000276593475e-05	 2.19298658770903238642e-05	 2.30077350985821454281e-05	 2.44020446551660237413e-05	 2.45063375326519973507e-05	 2.27152719154209235938e-05	 3.83629685044501304880e-05	 2.71398090424954619110e-05	 3.13638350589213213372e-05	-6.13610947947658285121e-07	 4.81145538692363877655e-06	-2.78448030221524721328e-02	-2.19687189915151043218e-02	-2.22973864354489605122e-02	-2.14350302427724938303e-02	 7.97058468479077502874e-06	 7.30013182864705655766e-06	 7.29013223610216522659e-06	 7.00668308411275048348e-06	
-1.38422161746547782982e-05	-1.64686217174489778507e-04	-2.74481226276310307193e-07	 5.67281259870437548674e-08	-2.56985621418066740451e-06	-1.14876728929084636537e-05	-1.55969164932454287700e-05	 1.13983670243267539508e-04	 4.57804121548676796848e-06	-6.65704124628148670288e-06	 1.58099878440505752647e-05	 2.13553424986974919430e-05	 2.28487555309789785844e-05	 2.47779252199911705047e-05	 2.62917913136526140380e-05	 2.59397475835733713539e-05	 2.84671803450794535064e-05	 2.71398090424954619110e-05	 4.27488682943691898110e-05	 3.26527272674172059350e-05	-2.14619272646919811163e-05	 1.67297886499359706777e-05	-2.93084470663303453541e-02	-2.65802415221274464241e-02	-2.52711454167463406284e-02	-2.15404481059369191931e-02	 7.72512651021553322663e-06	 7.42456443039092006653e-06	 7.27056826584161688677e-06	 6.80079079037159929592e-06	
-3.61492510904259668194e-06	-2.16437500247421138596e-04	-3.34030925689792134233e-07	 4.43923234613118233582e-07	-2.38973359017015605298e-06	-1.29230241140691142854e-05	 5.36802515186087978415e-06	 1.26199703351934002654e-04	 5.47045863058585757495e-06	-7.99100541921966072106e-06	 1.63183208232449017286e-05	 2.16164455047054100342e-05	 2.38531176840811454782e-05	 2.58654601737781863157e-05	 2.81255029508774069297e-05	 2.67927077708290226521e-05	 3.01023804105150365488e-05	 3.13638350589213213372e-05	 3.26527272674172059350e-05	 4.87936737511582090641e-05	-4.31532359015632694266e-05	 2.96456248853532211335e-05	-2.79720697909417552462e-02	-2.74915065771692765373e-02	-2.77668354592016143612e-02	-2.54622029736894170404e-02	 8.06925559515273437721e-06	 7.87814599837555768077e-06	 7.99931062751769162669e-06	 7.59127747334953617000e-06	
-4.05110809990914865018e-04	 1.50017830542951502784e-03	-2.36715422242604712363e-06	 1.41081000894752747152e-06	 1.17452857075895264032e-05	 3.81465379662408534431e-05	-4.54142366600810679002e-04	-2.38882277698967629290e-04	-3.02289427655557768311e-05	 1.86026958806729626804e-05	 9.33198172512590325438e-06	 1.70585721139671409366e-05	-1.07304143563967525454e-06	 1.77930831591790301026e-05	 1.24310182484305851633e-05	-1.93481349938618446701e-05	 4.61514308211505733115e-07	-6.13610947947658285121e-07	-2.14619272646919811163e-05	-4.31532359015632694266e-05	 3.18471264599288483854e-02	-1.91196769510036668205e-02	-4.59920988808441913442e-02	 6.93286442167474481479e-02	 9.41473660174128174072e-02	-2.72387251504037919414e-02	 3.33136626203501816129e-05	 1.82692234904714066691e-05	 1.48690412597517672785e-05	 2.16582242550366917795e-05	
 7.69679165364863784784e-05	-4.70597763924618178125e-04	-6.41585739583937570264e-08	 3.62314186850137354831e-06	-7.62434364480792832328e-06	-3.07743692433103240637e-06	-4.22446580667930785360e-05	 4.83450922026522366716e-05	-1.01267901885848162731e-06	-1.16732926339582606187e-05	-8.79503736910828892498e-06	-3.41679123688927153762e-06	 6.33407353392364673065e-06	-1.72343014832320636066e-06	-1.62418806727475680511e-06	 1.71754607941099109994e-05	 8.06567741240511757535e-06	 4.81145538692363877655e-06	 1.67297886499359706777e-05	 2.96456248853532211335e-05	-1.91196769510036668205e-02	 1.18224185219579069200e-02	 4.84382648349818770162e-02	-1.16780711411747402384e-02	-2.33188154126842510372e-02	 5.42688679915705463053e-02	 4.19133252271857449894e-06	 1.17850490918206827270e-05	 1.37780593355078943331e-05	 8.46398531673073815462e-06	
-1.16123592107624813013e-02	 9.98284402851994101535e-02	-8.17540237117783804774e-04	 1.12606410694090133123e-02	-1.05688113709144493324e-02	 2.17481043990824067513e-02	-1.07738971813807881545e-02	-1.42101705443041903543e-01	-1.42293185209114523421e-02	-4.14784994256120389394e-03	-2.55329223685326449356e-02	-2.21140720590557518510e-02	-2.44668674269515468156e-02	-2.44219445840809894210e-02	-2.18339947623439369073e-02	-2.34763335695959939053e-02	-2.42633585340173776879e-02	-2.78448030221524721328e-02	-2.93084470663303453541e-02	-2.79720697909417552462e-02	-4.59920988808441913442e-02	 4.84382648349818770162e-02	 5.55661612561360016116e+02	 1.66076917104899649757e+02	 1.62425258082217681022e+02	 1.67726954562950425043e+02	-2.32249740739407482815e-02	 1.09549577300296820809e-02	 1.16680947744563692087e-02	 1.07065278113593915360e-02	
-5.65793729484530341645e-02	 2.39320879379772699647e-01	-9.59601523935538214261e-04	 1.04476318851285249201e-02	-1.30585633129224037291e-02	 2.32097745560257487374e-02	-8.51866956807080938363e-02	-1.47554813521832861589e-01	-1.64259879020638085989e-02	-1.60173296910260678193e-03	-2.05349990677268744166e-02	-1.79223774391798172656e-02	-1.87242097371002301498e-02	-1.95984671339241196819e-02	-2.06834908179769245973e-02	-1.92712441211018124798e-02	-2.31721106844033734873e-02	-2.19687189915151043218e-02	-2.65802415221274464241e-02	-2.74915065771692765373e-02	 6.93286442167474481479e-02	-1.16780711411747402384e-02	 1.66076917104899649757e+02	 5.90620889399560041966e+02	 1.63434277853303711936e+02	 1.71121051358829703304e+02	 1.18751879542888568592e-02	-2.19004876006833014424e-02	 1.23331389495101220038e-02	 1.14654896376843382089e-02	
-7.07964949096152873498e-02	 2.70405439531726576874e-01	-9.43729371642263435184e-04	 1.06967903092852738983e-02	-1.31286645175011981029e-02	 2.47911855841669130640e-02	-1.07967778029250421890e-01	-1.57779449699107815475e-01	-1.77903932656848298710e-02	-2.38465762122600823114e-03	-1.98839829584398601614e-02	-1.76554469414534585814e-02	-1.79473558667252071352e-02	-1.75445400782656690808e-02	-2.04288638406587945429e-02	-1.69418120104054756303e-02	-1.98271005822661244844e-02	-2.22973864354489605122e-02	-2.52711454167463406284e-02	-2.77668354592016143612e-02	 9.41473660174128174072e-02	-2.33188154126842510372e-02	 1.62425258082217681022e+02	 1.63434277853303711936e+02	 6.73976121158624664531e+02	 1.73727835972620397342e+02	 1.34036424271482129678e-02	 1.35048334415277318521e-02	-2.54766284157183151016e-02	 1.24009846232079751216e-02	
-1.02087578081168833810e-01	 3.60889415904837640436e-01	-9.44171248892803553592e-04	 1.03255172699483529358e-02	-1.60130447061882161264e-02	 2.57303965161358207114e-02	-1.56478380368087172103e-01	-1.57685281665554316577e-01	-1.89862608969904624046e-02	-4.92588105573905487428e-04	-1.76839432715706450228e-02	-1.00559475930584903136e-02	-1.31883937169896877512e-02	-1.50584374870527601398e-02	-1.38204724707139143397e-02	-1.56245490114862300990e-02	-1.78751281414475347853e-02	-2.14350302427724938303e-02	-2.15404481059369191931e-02	-2.54622029736894170404e-02	-2.72387251504037919414e-02	 5.42688679915705463053e-02	 1.67726954562950425043e+02	 1.71121051358829703304e+02	 1.73727835972620397342e+02	 7.40092322480773646021e+02	 1.47945067183269159811e-02	 1.49835345024786088103e-02	 1.41198375540892255564e-02	-2.58020889094381054851e-02	
-5.71298786834292888419e-05	 9.17092929945979970421e-05	-7.63314286512147572919e-07	 3.00598207447137561580e-06	 3.08407660946091996634e-07	 4.59946879240627177972e-06	-8.56346510546189624560e-05	 9.97351556066705538864e-07	-5.89415357670155205740e-06	-1.04606849908329235354e-06	 9.92880740734225170635e-07	 5.41752074934403344137e-06	 6.22668400251503353357e-06	 6.49987397835329539024e-06	 7.20606407133523968434e-06	 6.71176013951116509708e-06	 7.29454095842401360018e-06	 7.97058468479077502874e-06	 7.72512651021553322663e-06	 8.06925559515273437721e-06	 3.33136626203501816129e-05	 4.19133252271857449894e-06	-2.32249740739407482815e-02	 1.18751879542888568592e-02	 1.34036424271482129678e-02	 1.47945067183269159811e-02	 1.57825081626517069872e-05	 1.17909269584864237154e-05	 1.16104582957408235548e-05	 1.13094298256193680316e-05	
-5.18650743195995389415e-05	 7.47288579664191353509e-05	-7.51724552667340154299e-07	 3.10935121465393070662e-06	 4.14129766703891328893e-07	 4.55840854822189673164e-06	-7.93193593413390915211e-05	 1.02652714131127944611e-06	-5.74035706088888125331e-06	-1.28297546829466263451e-06	 2.16859113343742867103e-07	 4.84188988345800427389e-06	 5.45987048900757926433e-06	 5.91973143962026407741e-06	 6.93482099362156918576e-06	 6.11082311381887110542e-06	 7.05759877389596994139e-06	 7.30013182864705655766e-06	 7.42456443039092006653e-06	 7.87814599837555768077e-06	 1.82692234904714066691e-05	 1.17850490918206827270e-05	 1.09549577300296820809e-02	-2.19004876006833014424e-02	 1.35048334415277318521e-02	 1.49835345024786088103e-02	 1.17909269584864237154e-05	 1.54002931067557159597e-05	 1.15653933540048506183e-05	 1.12590599367822525586e-05	
-4.84965729199094352456e-05	 6.45321437756820047741e-05	-7.53194162691212177173e-07	 3.15183689425029849485e-06	 4.97289819577473400461e-07	 4.34588727657112486059e-06	-7.42808892391743610982e-05	 2.46228874696268614937e-06	-5.54124046179849087673e-06	-1.34035358118757033890e-06	-1.39342034435604605424e-08	 4.55335156775337446223e-06	 5.12090770155854818884e-06	 5.54397173596907371810e-06	 6.76388467063652517051e-06	 5.85887648219447279010e-06	 6.57505938689439712875e-06	 7.29013223610216522659e-06	 7.27056826584161688677e-06	 7.99931062751769162669e-06	 1.48690412597517672785e-05	 1.37780593355078943331e-05	 1.16680947744563692087e-02	 1.23331389495101220038e-02	-2.54766284157183151016e-02	 1.41198375540892255564e-02	 1.16104582957408235548e-05	 1.15653933540048506183e-05	 1.56022782370902626207e-05	 1.12308369928826248948e-05	
-4.37710266377332228799e-05	 5.08140477508807556764e-05	-7.39787269815537379052e-07	 3.13530080646330334092e-06	 7.26156836679315178696e-07	 4.17924985886284531769e-06	-6.90620988331076157045e-05	 2.81319453831629512962e-06	-5.33670386292944915678e-06	-1.49177583920820660304e-06	-4.24442257599438588466e-07	 3.73520355282683757370e-06	 4.52239151936976073530e-06	 5.07726678675079484021e-06	 6.05633607777093491522e-06	 5.67314766592465033631e-06	 6.20944472521478101475e-06	 7.00668308411275048348e-06	 6.80079079037159929592e-06	 7.59127747334953617000e-06	 2.16582242550366917795e-05	 8.46398531673073815462e-06	 1.07065278113593915360e-02	 1.14654896376843382089e-02	 1.24009846232079751216e-02	-2.58020889094381054851e-02	 1.13094298256193680316e-05	 1.12590599367822525586e-05	 1.12308369928826248948e-05	 1.48648455492815608663e-05	
