#          Omega_b,                h,              n_s,           sigma8,       N_eff_camb,        m_nu_camb,     Omega_m_camb,          P_shot0,          P_shot1,          P_shot2,          P_shot3,      lnbsigma8_0,      lnbsigma8_1,      lnbsigma8_2,      lnbsigma8_3
 4.92165846549830548963e-06	-1.80589861874930589298e-06	-1.72285141036565152316e-05	-4.30278025475773742498e-07	-5.63463378042991709128e-04	-3.85391723587481352148e-06	 7.91831170708464259411e-06	 6.70210680807233494943e-03	 1.02674896276655804039e-02	 1.16902450190037449085e-02	 1.06776143582703354762e-02	-8.79033735349520998776e-06	-9.39729056367872027421e-06	-9.75165990395863470364e-06	-9.90019243876905211165e-06	
-1.80589861874930589298e-06	 5.48310597308243285433e-06	 1.34681965221717155491e-05	 1.34733690231159211240e-05	 4.30175972409830426318e-04	-8.11924432060425903170e-05	-7.85549060423453475519e-06	 1.12394004810022051649e-02	 8.68574710686659430536e-03	 1.36756119980751770365e-02	 6.59110399303121114595e-03	 1.13349917381069897844e-05	 1.20658054498071117813e-05	 1.14774381297682141360e-05	 1.26417937086599007859e-05	
-1.72285141036565152316e-05	 1.34681965221717155491e-05	 2.18728626683878819023e-04	 4.96767773728842395095e-06	 2.59712139652000474285e-03	 4.73147246819669725377e-04	-5.44561958431179018200e-05	-1.39150969713294908603e-01	-1.77741981907379859029e-01	-2.14742459118976908305e-01	-2.10720974119143089620e-01	 7.08599449774175989096e-05	 7.63802292350784263475e-05	 8.14767700336962346144e-05	 8.18453595943339237782e-05	
-4.30278025475773742498e-07	 1.34733690231159211240e-05	 4.96767773728842395095e-06	 5.16439208683213619761e-05	 7.15057652242083430748e-04	-2.30063171207210785110e-04	-3.89466615830313828161e-06	 4.12291411460188328419e-02	 3.96423902899195879090e-02	 5.80168138296494675932e-02	 2.86038398834046747599e-02	 1.37416320112060221702e-05	 1.41728530078520081740e-05	 1.16316015249883457491e-05	 1.53716136706055482596e-05	
-5.63463378042991709128e-04	 4.30175972409830426318e-04	 2.59712139652000474285e-03	 7.15057652242083430748e-04	 8.23213277384111791202e-02	-2.18763884231735388289e-03	-1.05321606639869149759e-03	-3.27691652843997760503e-01	-8.48116379599993752691e-01	-8.49168991638679759859e-01	-1.01801569095601229797e+00	 1.35564372832923168630e-03	 1.44148468801509371980e-03	 1.45716423149535407797e-03	 1.51994347300366656160e-03	
-3.85391723587481352148e-06	-8.11924432060425903170e-05	 4.73147246819669725377e-04	-2.30063171207210785110e-04	-2.18763884231735388289e-03	 6.27533735311747598723e-03	 1.47430534602886308820e-04	-7.41915180731789747348e-01	-8.43938167404314598663e-01	-1.04610622279544629443e+00	-9.09210807128694953327e-01	-1.29521517426303228683e-04	-1.35335896698322275021e-04	-1.13065063786646174244e-04	-1.41881499687645352232e-04	
 7.91831170708464259411e-06	-7.85549060423453475519e-06	-5.44561958431179018200e-05	-3.89466615830313828161e-06	-1.05321606639869149759e-03	 1.47430534602886308820e-04	 3.31023808610255676726e-05	 1.14310771891343518347e-02	 1.91235735771891623980e-02	 2.15840825781209513790e-02	 2.17431072084264646882e-02	-3.52767425692326446742e-05	-3.78580890454654751765e-05	-3.85015375563393155017e-05	-3.96722531934735070597e-05	
 6.70210680807233494943e-03	 1.12394004810022051649e-02	-1.39150969713294908603e-01	 4.12291411460188328419e-02	-3.27691652843997760503e-01	-7.41915180731789747348e-01	 1.14310771891343518347e-02	 2.88284349743345615025e+02	 2.22730558627425807572e+02	 2.97724434253726087718e+02	 2.44048080432029252052e+02	-2.34093653506816344601e-02	-1.36236646139643452491e-02	-2.37067103881122114017e-02	-1.64185861737532884375e-02	
 1.02674896276655804039e-02	 8.68574710686659430536e-03	-1.77741981907379859029e-01	 3.96423902899195879090e-02	-8.48116379599993752691e-01	-8.43938167404314598663e-01	 1.91235735771891623980e-02	 2.22730558627425807572e+02	 3.79008779312613512502e+02	 3.39368513566836952577e+02	 2.77991720362431124158e+02	-2.52465752204794578739e-02	-4.09386355451929820348e-02	-3.65816809231635092781e-02	-2.99399263634950695001e-02	
 1.16902450190037449085e-02	 1.36756119980751770365e-02	-2.14742459118976908305e-01	 5.80168138296494675932e-02	-8.49168991638679759859e-01	-1.04610622279544629443e+00	 2.15840825781209513790e-02	 2.97724434253726087718e+02	 3.39368513566836952577e+02	 5.77881951454929662759e+02	 3.67199988374804036084e+02	-2.69423182883113086772e-02	-3.07815229095499097445e-02	-5.71896925951941165200e-02	-3.46192210324865606852e-02	
 1.06776143582703354762e-02	 6.59110399303121114595e-03	-2.10720974119143089620e-01	 2.86038398834046747599e-02	-1.01801569095601229797e+00	-9.09210807128694953327e-01	 2.17431072084264646882e-02	 2.44048080432029252052e+02	 2.77991720362431124158e+02	 3.67199988374804036084e+02	 5.69898152407808652242e+02	-2.85780479965739159232e-02	-3.03231339242936610845e-02	-4.63371735106674065285e-02	-6.01956167263454217098e-02	
-8.79033735349520998776e-06	 1.13349917381069897844e-05	 7.08599449774175989096e-05	 1.37416320112060221702e-05	 1.35564372832923168630e-03	-1.29521517426303228683e-04	-3.52767425692326446742e-05	-2.34093653506816344601e-02	-2.52465752204794578739e-02	-2.69423182883113086772e-02	-2.85780479965739159232e-02	 4.32829900369384205027e-05	 4.43340814750400996603e-05	 4.48976767646426655066e-05	 4.63349525821516683931e-05	
-9.39729056367872027421e-06	 1.20658054498071117813e-05	 7.63802292350784263475e-05	 1.41728530078520081740e-05	 1.44148468801509371980e-03	-1.35335896698322275021e-04	-3.78580890454654751765e-05	-1.36236646139643452491e-02	-4.09386355451929820348e-02	-3.07815229095499097445e-02	-3.03231339242936610845e-02	 4.43340814750400996603e-05	 5.00022034875289577457e-05	 4.81895418329855178730e-05	 4.97425386922739943565e-05	
-9.75165990395863470364e-06	 1.14774381297682141360e-05	 8.14767700336962346144e-05	 1.16316015249883457491e-05	 1.45716423149535407797e-03	-1.13065063786646174244e-04	-3.85015375563393155017e-05	-2.37067103881122114017e-02	-3.65816809231635092781e-02	-5.71896925951941165200e-02	-4.63371735106674065285e-02	 4.48976767646426655066e-05	 4.81895418329855178730e-05	 5.16395290988053143398e-05	 5.11188283691758058643e-05	
-9.90019243876905211165e-06	 1.26417937086599007859e-05	 8.18453595943339237782e-05	 1.53716136706055482596e-05	 1.51994347300366656160e-03	-1.41881499687645352232e-04	-3.96722531934735070597e-05	-1.64185861737532884375e-02	-2.99399263634950695001e-02	-3.46192210324865606852e-02	-6.01956167263454217098e-02	 4.63349525821516683931e-05	 4.97425386922739943565e-05	 5.11188283691758058643e-05	 5.54402369441195214919e-05	
