#           w0_fld,           wa_fld,          Omega_b,                h,              n_s,           sigma8,     Omega_m_camb,          P_shot0,          P_shot1,          P_shot2,          P_shot3,      lnbsigma8_0,      lnbsigma8_1,      lnbsigma8_2,      lnbsigma8_3,         sigma_v0,         sigma_v1,         sigma_v2,         sigma_v3,         sigma_p0,         sigma_p1,         sigma_p2,         sigma_p3
 2.35525690809093544986e-02	-5.79372480215380666890e-02	 4.81309875700293009638e-04	-3.52922076067983217940e-04	-1.97999812753206190855e-03	-2.55338741030978425700e-03	 2.42823761419618758955e-03	 2.13303946249108450361e-01	 9.88483189976269494004e-01	 1.94133354260195245544e+00	 1.95723412090548332110e+00	-3.40761817259497721763e-03	-3.32315526456171579650e-03	-3.28262828158694831143e-03	-3.18083164972160058886e-03	-1.22101661803468413553e-02	-1.04203519827465885400e-02	-1.02207243012988700098e-02	 4.81572219737083639934e-03	-1.92479014964900656259e-02	-1.17959161456377432248e-02	-4.72731899351947187221e-03	 6.04300850464984241721e-05	
-5.79372480215380666890e-02	 2.18659071386775177848e-01	-1.74604633180481735866e-03	-1.78980873349395886752e-03	 9.43758388180216713226e-03	 5.43516068117131084109e-03	-8.13553267571793387036e-03	-6.67288798272045813320e+00	-7.07394977082767528742e+00	-7.16602717378147868743e+00	-4.26444881670642494953e+00	 4.35486756087600807713e-03	 4.11078439972133603125e-03	 4.04380240470640726219e-03	 3.82544396613422772735e-03	 6.75787080223183567185e-02	 4.85114195946967988182e-02	 4.11247350588918869629e-02	 2.13452085489569329257e-03	 9.09655968558609889785e-02	 8.12865899273446101958e-02	 7.56318115305687765915e-02	 7.81393629483069368513e-02	
 4.81309875700293009638e-04	-1.74604633180481735866e-03	 1.99129783873021868647e-05	 2.16776211037761843412e-05	-6.94113590400479942748e-05	-3.75595267499853429066e-05	 7.47286481003841710847e-05	 3.75464445830154258665e-02	 4.01201058720778713784e-02	 4.12391425897345939577e-02	 1.79860896413185887555e-02	-3.37678976000729401830e-05	-3.20894410834681684816e-05	-3.15312834886413210470e-05	-2.97834446488925341974e-05	-1.45327377708776201998e-04	 1.90062847723885186210e-04	 2.86886463558826338479e-04	 5.77526607356896194007e-04	-1.02917654541005839861e-03	-9.44839448182477185424e-04	-8.79725157012826606759e-04	-8.76188304876498362875e-04	
-3.52922076067983217940e-04	-1.78980873349395886752e-03	 2.16776211037761843412e-05	 1.16239717166231778774e-04	-1.22950208357111383500e-04	 8.24613940249158805908e-05	 5.32243406068351124086e-05	 1.94183113818350044921e-01	 1.29864477291501079215e-01	 3.07308501172124139134e-02	-7.56143989061760640746e-02	 2.06392273112072655852e-04	 2.05909849382739730582e-04	 2.04397170383505659289e-04	 2.01737685264179747663e-04	-6.40255455181455625929e-04	 1.19926877049302910367e-04	 4.62774294279582199940e-04	 2.11089799462010668709e-04	-1.82436589964756943304e-03	-2.23027737174723642011e-03	-2.73500990242697477814e-03	-3.27537398744413106241e-03	
-1.97999812753206190855e-03	 9.43758388180216713226e-03	-6.94113590400479942748e-05	-1.22950208357111383500e-04	 6.72785992538319724959e-04	 1.94735493569678019344e-04	-4.16719631273459361134e-04	-6.01772750799860811632e-01	-5.80498956963632406492e-01	-5.62174040283060505452e-01	-3.62705594745486026298e-01	 1.32142024574294310096e-04	 1.26608768570075750932e-04	 1.30747004305018378178e-04	 1.24437266772639624742e-04	 7.16910222397987208914e-03	 6.49195315594660801728e-03	 5.95320186269543590030e-03	 5.40867359169478183895e-03	 4.72216122934278770967e-03	 4.73911152139085915108e-03	 4.91243216616252427464e-03	 5.43103290922471344804e-03	
-2.55338741030978425700e-03	 5.43516068117131084109e-03	-3.75595267499853429066e-05	 8.24613940249158805908e-05	 1.94735493569678019344e-04	 3.43516736246994396336e-04	-2.33471311326253176547e-04	 6.99615820769569907167e-02	-4.36487925770370696621e-02	-1.78267695438595386026e-01	-2.09559410090503078772e-01	 4.24380834322997488751e-04	 4.15309243696496187357e-04	 4.12003804834765109850e-04	 3.99378520374810716629e-04	 1.52618013908265210722e-03	 1.67625574630942764456e-03	 1.67293175576966831643e-03	 5.18763527404349678203e-04	 1.60165593429111366430e-03	 6.45944948870312584711e-04	-1.91090754479289389465e-04	-9.00366577502964820362e-04	
 2.42823761419618758955e-03	-8.13553267571793387036e-03	 7.47286481003841710847e-05	 5.32243406068351124086e-05	-4.16719631273459361134e-04	-2.33471311326253176547e-04	 3.64273674843824458221e-04	 2.42068161327613828870e-01	 2.74425691836707008608e-01	 3.15502858844167455299e-01	 2.21852083646013054086e-01	-2.61445226966211465187e-04	-2.54028373455604820821e-04	-2.52825636956472191673e-04	-2.43552412030711133316e-04	-3.22258358535971274270e-03	-2.42020217175314576383e-03	-2.07096193949766202783e-03	-8.13455029122964277249e-04	-3.98708271045387484949e-03	-3.53949125830068777460e-03	-3.16060726654619891449e-03	-3.06910744116624216449e-03	
 2.13303946249108450361e-01	-6.67288798272045813320e+00	 3.75464445830154258665e-02	 1.94183113818350044921e-01	-6.01772750799860811632e-01	 6.99615820769569907167e-02	 2.42068161327613828870e-01	 1.55076193650165191684e+03	 8.65903280721229407391e+02	 7.60445036839853401034e+02	 4.98492066419978471004e+02	 1.64847013100756278892e-01	 2.03544124217438365809e-01	 1.96224478012976849550e-01	 1.92812071499525172769e-01	-8.15124532413844704593e+00	-6.24967874817729907022e+00	-6.23805278936695017933e+00	-6.61692200230715865672e+00	-2.05415113828808459928e+00	-3.54809414463609318346e+00	-4.39050197817842846604e+00	-5.75203984624328779063e+00	
 9.88483189976269494004e-01	-7.07394977082767528742e+00	 4.01201058720778713784e-02	 1.29864477291501079215e-01	-5.80498956963632406492e-01	-4.36487925770370696621e-02	 2.74425691836707008608e-01	 8.65903280721229407391e+02	 1.41405324240340178221e+03	 7.67179296650292826598e+02	 6.05491972128908628292e+02	 1.24239429674245626528e-02	-1.68451707052522034469e-02	 1.44517525225104099401e-02	 1.34795596040788497744e-02	-7.12326481602835759332e+00	-8.64122894989265155630e+00	-6.62976580677560622945e+00	-5.58363782878101311269e+00	-2.75870497584170548677e+00	-2.20369052904493756273e+00	-3.33808975241286853830e+00	-4.26586545424046548192e+00	
 1.94133354260195245544e+00	-7.16602717378147868743e+00	 4.12391425897345939577e-02	 3.07308501172124139134e-02	-5.62174040283060505452e-01	-1.78267695438595386026e-01	 3.15502858844167455299e-01	 7.60445036839853401034e+02	 7.67179296650292826598e+02	 1.60578322920939717733e+03	 7.90616320127890276126e+02	-2.63166163349304871311e-01	-2.53858541964403827684e-01	-2.99515311198216560573e-01	-2.55384190342506089966e-01	-6.72583277074839891441e+00	-6.70223800734775210231e+00	-8.74860961976820128427e+00	-5.92879548546604606685e+00	-2.06433811350446072552e+00	-1.79031273919894284852e+00	-5.59085564649013710969e-01	-1.77929619225445900810e+00	
 1.95723412090548332110e+00	-4.26444881670642494953e+00	 1.79860896413185887555e-02	-7.56143989061760640746e-02	-3.62705594745486026298e-01	-2.09559410090503078772e-01	 2.21852083646013054086e-01	 4.98492066419978471004e+02	 6.05491972128908628292e+02	 7.90616320127890276126e+02	 1.53936299125506548080e+03	-4.16527073475480014153e-01	-4.13036051971505002722e-01	-4.15923996489295066947e-01	-4.49145972129646631199e-01	-4.58797602571639639990e+00	-5.34898605361089618526e+00	-6.74042853163568089769e+00	-7.51665095818678707928e+00	-2.54925211518562400137e-01	 4.13618545435184392645e-01	 1.07827038236330641219e+00	 2.30042717675531260824e+00	
-3.40761817259497721763e-03	 4.35486756087600807713e-03	-3.37678976000729401830e-05	 2.06392273112072655852e-04	 1.32142024574294310096e-04	 4.24380834322997488751e-04	-2.61445226966211465187e-04	 1.64847013100756278892e-01	 1.24239429674245626528e-02	-2.63166163349304871311e-01	-4.16527073475480014153e-01	 7.57159825938034524058e-04	 7.44731301825160346350e-04	 7.39139365482608247208e-04	 7.23843144301897418492e-04	 1.42077569623029606113e-03	 2.16423121701208448497e-03	 2.59510808488670795605e-03	 6.33653509230355229884e-04	 2.08318090938777077592e-04	-1.23229845669414967216e-03	-2.86509856179853082334e-03	-4.23615958287227450940e-03	
-3.32315526456171579650e-03	 4.11078439972133603125e-03	-3.20894410834681684816e-05	 2.05909849382739730582e-04	 1.26608768570075750932e-04	 4.15309243696496187357e-04	-2.54028373455604820821e-04	 2.03544124217438365809e-01	-1.68451707052522034469e-02	-2.53858541964403827684e-01	-4.13036051971505002722e-01	 7.44731301825160346350e-04	 7.40139272833984038918e-04	 7.31070171932735415367e-04	 7.16309983943546257565e-04	 1.32934566668606161423e-03	 2.31997606691113772426e-03	 2.61155839819097275109e-03	 6.84043668223151247153e-04	 1.73646503354935651409e-04	-1.25639158553420395362e-03	-2.86448189707280091026e-03	-4.22920679435512692629e-03	
-3.28262828158694831143e-03	 4.04380240470640726219e-03	-3.15312834886413210470e-05	 2.04397170383505659289e-04	 1.30747004305018378178e-04	 4.12003804834765109850e-04	-2.52825636956472191673e-04	 1.96224478012976849550e-01	 1.44517525225104099401e-02	-2.99515311198216560573e-01	-4.15923996489295066947e-01	 7.39139365482608247208e-04	 7.31070171932735415367e-04	 7.30095936307024475330e-04	 7.11601882087361885774e-04	 1.39917613595106488100e-03	 2.25055235307185805618e-03	 2.71448332763847294952e-03	 7.63886998965078055021e-04	 1.73908075228052210869e-04	-1.22996637460615282703e-03	-2.83245351676239065855e-03	-4.17682625266699043137e-03	
-3.18083164972160058886e-03	 3.82544396613422772735e-03	-2.97834446488925341974e-05	 2.01737685264179747663e-04	 1.24437266772639624742e-04	 3.99378520374810716629e-04	-2.43552412030711133316e-04	 1.92812071499525172769e-01	 1.34795596040788497744e-02	-2.55384190342506089966e-01	-4.49145972129646631199e-01	 7.23843144301897418492e-04	 7.16309983943546257565e-04	 7.11601882087361885774e-04	 7.01489671293820354729e-04	 1.35260283888042546867e-03	 2.24992275822258206222e-03	 2.67315169230302818529e-03	 9.05139080300763117920e-04	 1.17055912683324244762e-04	-1.25042435491071537990e-03	-2.81179088083304256490e-03	-4.12862102986558295037e-03	
-1.22101661803468413553e-02	 6.75787080223183567185e-02	-1.45327377708776201998e-04	-6.40255455181455625929e-04	 7.16910222397987208914e-03	 1.52618013908265210722e-03	-3.22258358535971274270e-03	-8.15124532413844704593e+00	-7.12326481602835759332e+00	-6.72583277074839891441e+00	-4.58797602571639639990e+00	 1.42077569623029606113e-03	 1.32934566668606161423e-03	 1.39917613595106488100e-03	 1.35260283888042546867e-03	 4.42417647913853850916e-01	 1.27706691369053826346e-01	 1.21398249150994744228e-01	 1.25777292169562959767e-01	 2.00844559333725400374e-02	 2.33616709584223078422e-02	 2.70186968674277182278e-02	 3.39821262619751096601e-02	
-1.04203519827465885400e-02	 4.85114195946967988182e-02	 1.90062847723885186210e-04	 1.19926877049302910367e-04	 6.49195315594660801728e-03	 1.67625574630942764456e-03	-2.42020217175314576383e-03	-6.24967874817729907022e+00	-8.64122894989265155630e+00	-6.70223800734775210231e+00	-5.34898605361089618526e+00	 2.16423121701208448497e-03	 2.31997606691113772426e-03	 2.25055235307185805618e-03	 2.24992275822258206222e-03	 1.27706691369053826346e-01	 5.10711513319708543257e-01	 1.58599158284884300674e-01	 1.24510601264538153798e-01	 3.44038597033973544276e-03	 6.25162205627227771793e-03	 5.97969579866553576503e-03	 1.37882682293001841006e-02	
-1.02207243012988700098e-02	 4.11247350588918869629e-02	 2.86886463558826338479e-04	 4.62774294279582199940e-04	 5.95320186269543590030e-03	 1.67293175576966831643e-03	-2.07096193949766202783e-03	-6.23805278936695017933e+00	-6.62976580677560622945e+00	-8.74860961976820128427e+00	-6.74042853163568089769e+00	 2.59510808488670795605e-03	 2.61155839819097275109e-03	 2.71448332763847294952e-03	 2.67315169230302818529e-03	 1.21398249150994744228e-01	 1.58599158284884300674e-01	 5.31647987040001823722e-01	 1.48920563155957974555e-01	-4.31478482688106394771e-03	-3.31567112508236857757e-03	-5.07865665072407962422e-03	 1.24522529575975151976e-03	
 4.81572219737083639934e-03	 2.13452085489569329257e-03	 5.77526607356896194007e-04	 2.11089799462010668709e-04	 5.40867359169478183895e-03	 5.18763527404349678203e-04	-8.13455029122964277249e-04	-6.61692200230715865672e+00	-5.58363782878101311269e+00	-5.92879548546604606685e+00	-7.51665095818678707928e+00	 6.33653509230355229884e-04	 6.84043668223151247153e-04	 7.63886998965078055021e-04	 9.05139080300763117920e-04	 1.25777292169562959767e-01	 1.24510601264538153798e-01	 1.48920563155957974555e-01	 5.74060385708099585322e-01	-1.08944659488486202126e-02	-4.53237991559339060965e-03	 9.46971660912398170706e-04	 4.98966101871830061687e-03	
-1.92479014964900656259e-02	 9.09655968558609889785e-02	-1.02917654541005839861e-03	-1.82436589964756943304e-03	 4.72216122934278770967e-03	 1.60165593429111366430e-03	-3.98708271045387484949e-03	-2.05415113828808459928e+00	-2.75870497584170548677e+00	-2.06433811350446072552e+00	-2.54925211518562400137e-01	 2.08318090938777077592e-04	 1.73646503354935651409e-04	 1.73908075228052210869e-04	 1.17055912683324244762e-04	 2.00844559333725400374e-02	 3.44038597033973544276e-03	-4.31478482688106394771e-03	-1.08944659488486202126e-02	 7.11444609397149096974e-02	 6.63763976622337159572e-02	 6.76206724251651042357e-02	 7.08152203503043531363e-02	
-1.17959161456377432248e-02	 8.12865899273446101958e-02	-9.44839448182477185424e-04	-2.23027737174723642011e-03	 4.73911152139085915108e-03	 6.45944948870312584711e-04	-3.53949125830068777460e-03	-3.54809414463609318346e+00	-2.20369052904493756273e+00	-1.79031273919894284852e+00	 4.13618545435184392645e-01	-1.23229845669414967216e-03	-1.25639158553420395362e-03	-1.22996637460615282703e-03	-1.25042435491071537990e-03	 2.33616709584223078422e-02	 6.25162205627227771793e-03	-3.31567112508236857757e-03	-4.53237991559339060965e-03	 6.63763976622337159572e-02	 7.23717909081916244141e-02	 7.34427493638165895806e-02	 7.99650145422879654600e-02	
-4.72731899351947187221e-03	 7.56318115305687765915e-02	-8.79725157012826606759e-04	-2.73500990242697477814e-03	 4.91243216616252427464e-03	-1.91090754479289389465e-04	-3.16060726654619891449e-03	-4.39050197817842846604e+00	-3.33808975241286853830e+00	-5.59085564649013710969e-01	 1.07827038236330641219e+00	-2.86509856179853082334e-03	-2.86448189707280091026e-03	-2.83245351676239065855e-03	-2.81179088083304256490e-03	 2.70186968674277182278e-02	 5.97969579866553576503e-03	-5.07865665072407962422e-03	 9.46971660912398170706e-04	 6.76206724251651042357e-02	 7.34427493638165895806e-02	 8.64937574786861923526e-02	 9.20106053126754364069e-02	
 6.04300850464984241721e-05	 7.81393629483069368513e-02	-8.76188304876498362875e-04	-3.27537398744413106241e-03	 5.43103290922471344804e-03	-9.00366577502964820362e-04	-3.06910744116624216449e-03	-5.75203984624328779063e+00	-4.26586545424046548192e+00	-1.77929619225445900810e+00	 2.30042717675531260824e+00	-4.23615958287227450940e-03	-4.22920679435512692629e-03	-4.17682625266699043137e-03	-4.12862102986558295037e-03	 3.39821262619751096601e-02	 1.37882682293001841006e-02	 1.24522529575975151976e-03	 4.98966101871830061687e-03	 7.08152203503043531363e-02	 7.99650145422879654600e-02	 9.20106053126754364069e-02	 1.11147343466519207822e-01	
