#           w0_fld,           wa_fld,          Omega_b,                h,              n_s,           sigma8,       N_eff_camb,        m_nu_camb,     Omega_m_camb,          P_shot0,          P_shot1,          P_shot2,          P_shot3,      lnbsigma8_0,      lnbsigma8_1,      lnbsigma8_2,      lnbsigma8_3
 1.63442981080596967669e-02	-5.21985590119242864882e-02	 4.52661992109547382888e-04	-4.62749196156360235749e-04	-2.24030459222140931885e-03	-2.20805906713903441277e-03	-3.53665058910169888273e-02	 7.34440707811102790753e-03	 2.15639692317909229327e-03	 1.70526565577517974504e+00	 1.24902061884627291199e+00	 1.00129263458412931520e+00	 9.66950948000252608061e-01	-2.52943519406228275320e-03	-2.46519134482744203124e-03	-2.43041500264544766893e-03	-2.40830441003837695049e-03	
-5.21985590119242864882e-02	 1.84379601755149474807e-01	-1.50197719812427722685e-03	 1.22829661640881074476e-03	 7.62318634157112002409e-03	 7.09746559492941374303e-03	 1.25443605206862041079e-01	-2.73235736354623046096e-02	-7.08255531450931435228e-03	-5.99189606181657019590e+00	-4.75287590655841363230e+00	-3.92124127538599864806e+00	-3.94248990364806628506e+00	 7.34934272203928342510e-03	 7.13623435356679301084e-03	 7.00825135388918364632e-03	 6.95298290732986826873e-03	
 4.52661992109547382888e-04	-1.50197719812427722685e-03	 1.94057272373643071672e-05	-1.34779167138557922365e-05	-1.17051127232339262450e-04	-5.89339858043477594972e-05	-1.75679955019538520597e-03	 4.96059834063757108379e-05	 6.96318150910598440261e-05	 1.06288843309382333158e-01	 9.91208439507317851103e-02	 9.56305031999071242232e-02	 1.03366467514195037314e-01	-8.20940083714983767638e-05	-8.08390828658184582012e-05	-8.01525015338321793288e-05	-8.04631407629481643345e-05	
-4.62749196156360235749e-04	 1.22829661640881074476e-03	-1.34779167138557922365e-05	 2.97993957935260362279e-05	 6.60098972891491213083e-05	 9.37184650719491722445e-05	 1.57838859830110572052e-03	-4.05508509199485806841e-04	-7.27777238495062791255e-05	 1.12801648006475713215e-02	 2.31345030498699595622e-02	 2.94759012105733318732e-02	 2.88878228836991803041e-02	 1.04216029256053288447e-04	 1.03281606748591259595e-04	 1.02932669703059578945e-04	 1.02541242496833641396e-04	
-2.24030459222140931885e-03	 7.62318634157112002409e-03	-1.17051127232339262450e-04	 6.60098972891491213083e-05	 1.30078800863546429310e-03	 2.77402417228298241083e-04	 1.19149661689254768304e-02	 2.79863706058509215113e-03	-3.69994833608831385878e-04	-1.33687617120331569964e+00	-1.37414258732601934909e+00	-1.43400184715868683760e+00	-1.55595004803421899098e+00	 5.00998559988446025108e-04	 4.99432865471622928349e-04	 5.00903541762607240270e-04	 5.09554498056525554013e-04	
-2.20805906713903441277e-03	 7.09746559492941374303e-03	-5.89339858043477594972e-05	 9.37184650719491722445e-05	 2.77402417228298241083e-04	 3.95893942665528669918e-04	 6.12969805125707350307e-03	-1.72508684194415482654e-03	-3.10362535785027680163e-04	-5.18819787833918397157e-02	 6.43557855318230547653e-03	 4.46752175050510250132e-02	 4.82187559844298591072e-02	 3.74561544573975575140e-04	 3.66833616788541467743e-04	 3.62399704092431450535e-04	 3.59585677320963578024e-04	
-3.53665058910169888273e-02	 1.25443605206862041079e-01	-1.75679955019538520597e-03	 1.57838859830110572052e-03	 1.19149661689254768304e-02	 6.12969805125707350307e-03	 2.05155403296731320140e-01	-1.00767881704852350216e-02	-6.32429850789289083740e-03	-8.71255375939396081719e+00	-8.56587913569032721739e+00	-8.46302928089535555500e+00	-9.43648090578226650393e+00	 7.48960954113938714299e-03	 7.43310029554439862659e-03	 7.40367978739510032571e-03	 7.46896409800006707419e-03	
 7.34440707811102790753e-03	-2.73235736354623046096e-02	 4.96059834063757108379e-05	-4.05508509199485806841e-04	 2.79863706058509215113e-03	-1.72508684194415482654e-03	-1.00767881704852350216e-02	 2.92092722250615680069e-02	 1.25390398210783364855e-03	-4.64316745036436184790e+00	-5.07211634041725645261e+00	-5.58704924104884437241e+00	-6.06208186314466601630e+00	-9.03575051245402230404e-04	-8.67447119780077706419e-04	-8.34553297608979483511e-04	-7.93707316177648999206e-04	
 2.15639692317909229327e-03	-7.08255531450931435228e-03	 6.96318150910598440261e-05	-7.27777238495062791255e-05	-3.69994833608831385878e-04	-3.10362535785027680163e-04	-6.32429850789289083740e-03	 1.25390398210783364855e-03	 3.28299203307460922552e-04	 2.44270664462617553836e-01	 1.97531556981688560803e-01	 1.70173481096361406406e-01	 1.76295246936172378405e-01	-3.75717200082698423499e-04	-3.69099215788357300477e-04	-3.65575155359996822012e-04	-3.64473124747956517353e-04	
 1.70526565577517974504e+00	-5.99189606181657019590e+00	 1.06288843309382333158e-01	 1.12801648006475713215e-02	-1.33687617120331569964e+00	-5.18819787833918397157e-02	-8.71255375939396081719e+00	-4.64316745036436184790e+00	 2.44270664462617553836e-01	 2.29754912486350895051e+03	 1.97267949483017059720e+03	 2.03806231381718362172e+03	 2.18623099344721640591e+03	-3.86430334681903409066e-01	-3.52380200178062874539e-01	-3.53118545629370284011e-01	-3.63105456577238694393e-01	
 1.24902061884627291199e+00	-4.75287590655841363230e+00	 9.91208439507317851103e-02	 2.31345030498699595622e-02	-1.37414258732601934909e+00	 6.43557855318230547653e-03	-8.56587913569032721739e+00	-5.07211634041725645261e+00	 1.97531556981688560803e-01	 1.97267949483017059720e+03	 2.50072751987705760257e+03	 2.16205924710483259332e+03	 2.32187850550507664593e+03	-2.97400678979710397787e-01	-3.34575108753997929600e-01	-3.02794854224539611298e-01	-3.14974030514558356320e-01	
 1.00129263458412931520e+00	-3.92124127538599864806e+00	 9.56305031999071242232e-02	 2.94759012105733318732e-02	-1.43400184715868683760e+00	 4.46752175050510250132e-02	-8.46302928089535555500e+00	-5.58704924104884437241e+00	 1.70173481096361406406e-01	 2.03806231381718362172e+03	 2.16205924710483259332e+03	 2.80258700467592416317e+03	 2.45341280068572405071e+03	-2.75294644275510425047e-01	-2.80633614063622249812e-01	-3.24770626639285464599e-01	-2.99450748253688114886e-01	
 9.66950948000252608061e-01	-3.94248990364806628506e+00	 1.03366467514195037314e-01	 2.88878228836991803041e-02	-1.55595004803421899098e+00	 4.82187559844298591072e-02	-9.43648090578226650393e+00	-6.06208186314466601630e+00	 1.76295246936172378405e-01	 2.18623099344721640591e+03	 2.32187850550507664593e+03	 2.45341280068572405071e+03	 3.22436972163492828258e+03	-2.90946679715232303653e-01	-2.97005913378957320248e-01	-3.03115539371136444302e-01	-3.58559660875085062237e-01	
-2.52943519406228275320e-03	 7.34934272203928342510e-03	-8.20940083714983767638e-05	 1.04216029256053288447e-04	 5.00998559988446025108e-04	 3.74561544573975575140e-04	 7.48960954113938714299e-03	-9.03575051245402230404e-04	-3.75717200082698423499e-04	-3.86430334681903409066e-01	-2.97400678979710397787e-01	-2.75294644275510425047e-01	-2.90946679715232303653e-01	 5.02012374531104945546e-04	 4.91611318009403728928e-04	 4.88871641744707276754e-04	 4.87822693923857346465e-04	
-2.46519134482744203124e-03	 7.13623435356679301084e-03	-8.08390828658184582012e-05	 1.03281606748591259595e-04	 4.99432865471622928349e-04	 3.66833616788541467743e-04	 7.43310029554439862659e-03	-8.67447119780077706419e-04	-3.69099215788357300477e-04	-3.52380200178062874539e-01	-3.34575108753997929600e-01	-2.80633614063622249812e-01	-2.97005913378957320248e-01	 4.91611318009403728928e-04	 4.89188945553276077760e-04	 4.83031472784294546759e-04	 4.82207572795065352641e-04	
-2.43041500264544766893e-03	 7.00825135388918364632e-03	-8.01525015338321793288e-05	 1.02932669703059578945e-04	 5.00903541762607240270e-04	 3.62399704092431450535e-04	 7.40367978739510032571e-03	-8.34553297608979483511e-04	-3.65575155359996822012e-04	-3.53118545629370284011e-01	-3.02794854224539611298e-01	-3.24770626639285464599e-01	-3.03115539371136444302e-01	 4.88871641744707276754e-04	 4.83031472784294546759e-04	 4.84825614282700966592e-04	 4.80185172829146933362e-04	
-2.40830441003837695049e-03	 6.95298290732986826873e-03	-8.04631407629481643345e-05	 1.02541242496833641396e-04	 5.09554498056525554013e-04	 3.59585677320963578024e-04	 7.46896409800006707419e-03	-7.93707316177648999206e-04	-3.64473124747956517353e-04	-3.63105456577238694393e-01	-3.14974030514558356320e-01	-2.99450748253688114886e-01	-3.58559660875085062237e-01	 4.87822693923857346465e-04	 4.82207572795065352641e-04	 4.80185172829146933362e-04	 4.83571460586196320928e-04	
