#          Omega_b,                h,              n_s,           sigma8,       N_eff_camb,        m_nu_camb,     Omega_m_camb,          P_shot0,          P_shot1,          P_shot2,          P_shot3,      lnbsigma8_0,      lnbsigma8_1,      lnbsigma8_2,      lnbsigma8_3
 4.13230231937759358898e-06	-2.29083959350051822432e-06	-1.50354379670734566543e-05	 3.73848549399806407987e-06	-4.14698290439199511621e-04	-4.75014590308530060226e-05	 6.18717738458302034027e-06	 1.38792756366993737249e-02	 1.28797097774892531363e-02	 1.54426083324541354308e-02	 1.89500766799010518515e-02	-6.11495022045286463407e-06	-6.37294633121847524707e-06	-6.83969674099055374120e-06	-7.20050388442480400036e-06	
-2.29083959350051822432e-06	 9.08642338074768950076e-05	 4.20172670867303612175e-06	 3.08206872278187597194e-05	 9.70279320080972684098e-04	-1.24260666767865861262e-04	-3.60720105554659348592e-05	 5.91515411320710643439e-02	 6.23306183166615415669e-02	 3.94092745092203822210e-02	 3.44246078158614299269e-02	 2.29542040502655596973e-05	 2.25613149510294318657e-05	 2.57165664006580163418e-05	 2.56882332313487936793e-05	
-1.50354379670734566543e-05	 4.20172670867303612175e-06	 1.58205235693015283010e-04	-2.87469721745528747890e-05	 1.82533438366780506254e-03	 6.24486872710299368953e-04	-3.34692618409986454402e-05	-1.55573811297499448036e-01	-1.68371147833433987273e-01	-1.74459045653972161238e-01	-2.26994355986873314057e-01	 4.05341385438964295156e-05	 4.49541623324370672788e-05	 4.68316069938938883753e-05	 5.19057421742746724321e-05	
 3.73848549399806407987e-06	 3.08206872278187597194e-05	-2.87469721745528747890e-05	 2.94572506497234966110e-05	-2.38601154847678348337e-06	-9.71956895478277930469e-05	 3.52251050793807146046e-06	 4.22225861019686343756e-02	 4.73556286996293721026e-02	 4.00613083253857499288e-02	 5.09179225929242765258e-02	-7.97492512278340631704e-06	-8.72212957036713817797e-06	-8.32195949044307649322e-06	-9.63501861414863400225e-06	
-4.14698290439199511621e-04	 9.70279320080972684098e-04	 1.82533438366780506254e-03	-2.38601154847678348337e-06	 5.83508965930311582215e-02	 5.64793165220575047597e-03	-7.61540460808975724731e-04	-1.04798780700026505919e+00	-9.87173791230684716247e-01	-1.44516836186791119978e+00	-1.78506777782157088907e+00	 6.89483157960388433859e-04	 7.20526914207063979775e-04	 7.94354359713437575830e-04	 8.11183219929907987043e-04	
-4.75014590308530060226e-05	-1.24260666767865861262e-04	 6.24486872710299368953e-04	-9.71956895478277930469e-05	 5.64793165220575047597e-03	 5.11885508256215530920e-03	 6.82653926590909222900e-05	-7.11255669472160345634e-01	-7.55155209150697448450e-01	-6.77152783491582699327e-01	-9.07852950444566042520e-01	 1.40709716987067550532e-05	 2.99286873889436428242e-05	 2.01384410749138493288e-05	 3.79167686902715314482e-05	
 6.18717738458302034027e-06	-3.60720105554659348592e-05	-3.34692618409986454402e-05	 3.52251050793807146046e-06	-7.61540460808975724731e-04	 6.82653926590909222900e-05	 3.50853423872096828766e-05	 2.91811541052924275017e-03	 3.86999761734751340780e-03	 1.69562444322145407238e-02	 2.82086624262252866346e-02	-2.79181122910227049318e-05	-2.86919827573685600548e-05	-3.10072944577510591405e-05	-3.23886301513174747310e-05	
 1.38792756366993737249e-02	 5.91515411320710643439e-02	-1.55573811297499448036e-01	 4.22225861019686343756e-02	-1.04798780700026505919e+00	-7.11255669472160345634e-01	 2.91811541052924275017e-03	 3.33091205195254360660e+02	 2.56154472571213887022e+02	 2.24383863907140693073e+02	 2.79809557198178197268e+02	-3.43869926881423537690e-02	-3.02239769498265677117e-02	-2.61588947678380694117e-02	-3.13544224056598874739e-02	
 1.28797097774892531363e-02	 6.23306183166615415669e-02	-1.68371147833433987273e-01	 4.73556286996293721026e-02	-9.87173791230684716247e-01	-7.55155209150697448450e-01	 3.86999761734751340780e-03	 2.56154472571213887022e+02	 3.84381386578067747450e+02	 2.54247118393008150861e+02	 3.07827354003267487315e+02	-2.66651672358457145218e-02	-4.36294285364478492961e-02	-2.91379784009415422619e-02	-3.52141294709173297006e-02	
 1.54426083324541354308e-02	 3.94092745092203822210e-02	-1.74459045653972161238e-01	 4.00613083253857499288e-02	-1.44516836186791119978e+00	-6.77152783491582699327e-01	 1.69562444322145407238e-02	 2.24383863907140693073e+02	 2.54247118393008150861e+02	 4.17250366291401917351e+02	 3.09710634460079006658e+02	-3.34735548818456962739e-02	-3.92114126909131957555e-02	-5.73855916897181017600e-02	-4.54828778713083428653e-02	
 1.89500766799010518515e-02	 3.44246078158614299269e-02	-2.26994355986873314057e-01	 5.09179225929242765258e-02	-1.78506777782157088907e+00	-9.07852950444566042520e-01	 2.82086624262252866346e-02	 2.79809557198178197268e+02	 3.07827354003267487315e+02	 3.09710634460079006658e+02	 5.57502632665168334825e+02	-4.63021277731977196068e-02	-5.40267821127157696348e-02	-5.62996416133674307258e-02	-7.87280441528926122619e-02	
-6.11495022045286463407e-06	 2.29542040502655596973e-05	 4.05341385438964295156e-05	-7.97492512278340631704e-06	 6.89483157960388433859e-04	 1.40709716987067550532e-05	-2.79181122910227049318e-05	-3.43869926881423537690e-02	-2.66651672358457145218e-02	-3.34735548818456962739e-02	-4.63021277731977196068e-02	 2.64422416362737666749e-05	 2.54950147845250504257e-05	 2.70134921862934817042e-05	 2.84773343625666006649e-05	
-6.37294633121847524707e-06	 2.25613149510294318657e-05	 4.49541623324370672788e-05	-8.72212957036713817797e-06	 7.20526914207063979775e-04	 2.99286873889436428242e-05	-2.86919827573685600548e-05	-3.02239769498265677117e-02	-4.36294285364478492961e-02	-3.92114126909131957555e-02	-5.40267821127157696348e-02	 2.54950147845250504257e-05	 2.87683958710240918200e-05	 2.80922769016700347338e-05	 2.99128597055415252986e-05	
-6.83969674099055374120e-06	 2.57165664006580163418e-05	 4.68316069938938883753e-05	-8.32195949044307649322e-06	 7.94354359713437575830e-04	 2.01384410749138493288e-05	-3.10072944577510591405e-05	-2.61588947678380694117e-02	-2.91379784009415422619e-02	-5.73855916897181017600e-02	-5.62996416133674307258e-02	 2.70134921862934817042e-05	 2.80922769016700347338e-05	 3.28135988503368245819e-05	 3.18482375949761411615e-05	
-7.20050388442480400036e-06	 2.56882332313487936793e-05	 5.19057421742746724321e-05	-9.63501861414863400225e-06	 8.11183219929907987043e-04	 3.79167686902715314482e-05	-3.23886301513174747310e-05	-3.13544224056598874739e-02	-3.52141294709173297006e-02	-4.54828778713083428653e-02	-7.87280441528926122619e-02	 2.84773343625666006649e-05	 2.99128597055415252986e-05	 3.18482375949761411615e-05	 3.62107535607421879634e-05	
