#           w0_fld,           wa_fld,          Omega_b,                h,              n_s,           sigma8,     Omega_m_camb,          P_shot0,          P_shot1,          P_shot2,          P_shot3,      lnbsigma8_0,      lnbsigma8_1,      lnbsigma8_2,      lnbsigma8_3
 1.50124220009751271898e-02	-4.31529706086116668362e-02	 2.18925074156981359225e-04	-1.58088621207551046147e-03	-5.89709922369675756254e-04	-1.55343336140642638427e-03	 1.68468743669609620148e-03	 6.32475165245750536869e-01	 3.55929994407960970104e-01	 2.92543561510848482143e-01	 5.89568882699317564633e-02	-1.71484006927076580024e-03	-1.65812939191505416894e-03	-1.62719531046216911094e-03	-1.58472249042013071767e-03	
-4.31529706086116668362e-02	 1.32639375315699109548e-01	-6.16311844311678326547e-04	 3.75982420849317816938e-03	 2.46607905746044388240e-03	 4.58924517202496072554e-03	-4.74812651643321571859e-03	-2.48323807982570476938e+00	-1.62934849606322074145e+00	-1.51081122644221821361e+00	-8.28379419647153003581e-01	 4.59414361020713066935e-03	 4.41207160600382789634e-03	 4.32295335247984829907e-03	 4.19552839645512178762e-03	
 2.18925074156981359225e-04	-6.16311844311678326547e-04	 4.45316340189872365813e-06	-1.86349857150928909769e-05	-8.19367673904927064517e-06	-1.81769617902241912828e-05	 2.53120065454975704401e-05	 1.31268418090388586800e-02	 9.04422989046184920559e-03	 7.08657727633278059637e-03	 3.92475387353258785283e-03	-2.64196339852677524059e-05	-2.56251083270132220952e-05	-2.51577386194637921840e-05	-2.46088450320054655392e-05	
-1.58088621207551046147e-03	 3.75982420849317816938e-03	-1.86349857150928909769e-05	 3.16814736437341128161e-04	-1.78649138599228959987e-05	 1.90013789614664640364e-04	-2.02161959066544949255e-04	 6.06647239496163823147e-02	 7.42924988711978206979e-02	 7.72220361017962042549e-02	 1.00246528292271180893e-01	 2.17306808070668791956e-04	 2.14596161797734257893e-04	 2.11865666352244858515e-04	 2.07828051330486942476e-04	
-5.89709922369675756254e-04	 2.46607905746044388240e-03	-8.19367673904927064517e-06	-1.78649138599228959987e-05	 1.59013254757547391064e-04	 4.96003008761910401314e-05	-8.31653205145266565673e-05	-1.65662810816321753871e-01	-1.61271078224941133428e-01	-1.68918618453368446497e-01	-1.63121670909463833965e-01	 6.42516239771131889751e-05	 6.23484548895656515936e-05	 6.18627416698572550136e-05	 6.10546440545338956656e-05	
-1.55343336140642638427e-03	 4.58924517202496072554e-03	-1.81769617902241912828e-05	 1.90013789614664640364e-04	 4.96003008761910401314e-05	 1.97440879415868150368e-04	-1.67695091760637621367e-04	-3.13263823010026254412e-02	-2.35689334511847686099e-03	-2.07321105974292907090e-03	 2.49652576742652801411e-02	 1.63264005195443455062e-04	 1.57078353899562137659e-04	 1.53981435583258185074e-04	 1.48798772512649641426e-04	
 1.68468743669609620148e-03	-4.74812651643321571859e-03	 2.53120065454975704401e-05	-2.02161959066544949255e-04	-8.31653205145266565673e-05	-1.67695091760637621367e-04	 2.10518933300894093815e-04	 7.33020305415618411704e-02	 5.22398735435973121666e-02	 4.66614557199636972862e-02	 2.21390157689389417695e-02	-2.12607052379133791781e-04	-2.08019946816825261572e-04	-2.04891568385337968826e-04	-2.00809652416953857016e-04	
 6.32475165245750536869e-01	-2.48323807982570476938e+00	 1.31268418090388586800e-02	 6.06647239496163823147e-02	-1.65662810816321753871e-01	-3.13263823010026254412e-02	 7.33020305415618411704e-02	 3.74893264004927573296e+02	 2.30756133309553462141e+02	 2.36224147907384917744e+02	 2.33861883252809150235e+02	-8.37074856842069253693e-02	-6.51797814011206150253e-02	-6.45329790646847062385e-02	-6.49030266885556456069e-02	
 3.55929994407960970104e-01	-1.62934849606322074145e+00	 9.04422989046184920559e-03	 7.42924988711978206979e-02	-1.61271078224941133428e-01	-2.35689334511847686099e-03	 5.22398735435973121666e-02	 2.30756133309553462141e+02	 3.69170024054356929355e+02	 2.37320442721839242495e+02	 2.36927136869860191837e+02	-4.67352075569012204159e-02	-6.02436190379872921197e-02	-4.63415502993875308424e-02	-4.64994217764695891293e-02	
 2.92543561510848482143e-01	-1.51081122644221821361e+00	 7.08657727633278059637e-03	 7.72220361017962042549e-02	-1.68918618453368446497e-01	-2.07321105974292907090e-03	 4.66614557199636972862e-02	 2.36224147907384917744e+02	 2.37320442721839242495e+02	 4.27650244321529157787e+02	 2.56265625938381447213e+02	-3.82423937203947364449e-02	-3.77084862159843409168e-02	-5.62415873054295523126e-02	-4.04165622318821762815e-02	
 5.89568882699317564633e-02	-8.28379419647153003581e-01	 3.92475387353258785283e-03	 1.00246528292271180893e-01	-1.63121670909463833965e-01	 2.49652576742652801411e-02	 2.21390157689389417695e-02	 2.33861883252809150235e+02	 2.36927136869860191837e+02	 2.56265625938381447213e+02	 4.71997377792597433199e+02	-1.45701049843041489928e-02	-1.51930301319669509852e-02	-1.69047156332092843312e-02	-3.64746433997618565992e-02	
-1.71484006927076580024e-03	 4.59414361020713066935e-03	-2.64196339852677524059e-05	 2.17306808070668791956e-04	 6.42516239771131889751e-05	 1.63264005195443455062e-04	-2.12607052379133791781e-04	-8.37074856842069253693e-02	-4.67352075569012204159e-02	-3.82423937203947364449e-02	-1.45701049843041489928e-02	 2.26410478515389038167e-04	 2.19416540770785031909e-04	 2.16124031353276955299e-04	 2.12269446262004546399e-04	
-1.65812939191505416894e-03	 4.41207160600382789634e-03	-2.56251083270132220952e-05	 2.14596161797734257893e-04	 6.23484548895656515936e-05	 1.57078353899562137659e-04	-2.08019946816825261572e-04	-6.51797814011206150253e-02	-6.02436190379872921197e-02	-3.77084862159843409168e-02	-1.51930301319669509852e-02	 2.19416540770785031909e-04	 2.17645598283454280025e-04	 2.12330026613333032849e-04	 2.08543625284749757891e-04	
-1.62719531046216911094e-03	 4.32295335247984829907e-03	-2.51577386194637921840e-05	 2.11865666352244858515e-04	 6.18627416698572550136e-05	 1.53981435583258185074e-04	-2.04891568385337968826e-04	-6.45329790646847062385e-02	-4.63415502993875308424e-02	-5.62415873054295523126e-02	-1.69047156332092843312e-02	 2.16124031353276955299e-04	 2.12330026613333032849e-04	 2.11957460198581258953e-04	 2.05813641969997048473e-04	
-1.58472249042013071767e-03	 4.19552839645512178762e-03	-2.46088450320054655392e-05	 2.07828051330486942476e-04	 6.10546440545338956656e-05	 1.48798772512649641426e-04	-2.00809652416953857016e-04	-6.49030266885556456069e-02	-4.64994217764695891293e-02	-4.04165622318821762815e-02	-3.64746433997618565992e-02	 2.12269446262004546399e-04	 2.08543625284749757891e-04	 2.05813641969997048473e-04	 2.04743349004752548661e-04	
