#           w0_fld,          Omega_b,                h,              n_s,           sigma8,        m_nu_camb,     Omega_m_camb,          P_shot0,          P_shot1,          P_shot2,          P_shot3,      lnbsigma8_0,      lnbsigma8_1,      lnbsigma8_2,      lnbsigma8_3
 1.11183193998478356025e-03	 2.12208932981707317888e-05	-4.01711985903149880559e-04	 1.69189915794401584846e-04	-6.59468637400516992722e-05	-7.24457322879810527300e-04	 1.48475569858600483630e-04	-7.27798692774765665359e-02	-1.04399581348082901022e-01	-1.37121149668805869526e-01	-2.32819183967416354353e-01	-2.55372029484845033433e-04	-2.56093108162561361799e-04	-2.46931322327624644831e-04	-2.41178617677629815409e-04	
 2.12208932981707317888e-05	 1.59657632208682698405e-06	-1.35499944588290282917e-06	 1.66521075792803165050e-06	 3.09903367996139063591e-06	-1.96144306575676267599e-05	 2.95391659711374907426e-06	 4.38331076792533493730e-03	 4.35159219767363748821e-03	 3.73274398422122118818e-03	-5.39074457271606168919e-04	-5.51241089115901832131e-06	-5.37847959692475620141e-06	-5.42293375954703966405e-06	-5.11070457937106716571e-06	
-4.01711985903149880559e-04	-1.35499944588290282917e-06	 2.43783461734460934903e-04	-9.23543930943955797969e-05	 7.03671838806522537352e-05	 5.01301268232560556164e-05	-8.06298971646210536207e-05	 1.29246781231065921425e-01	 1.25437988862331151196e-01	 1.37786388217720101590e-01	 1.50278459074299985954e-01	 1.02443542838296484270e-04	 1.05795335868047633778e-04	 1.00409124096037665765e-04	 1.00396282406837084088e-04	
 1.69189915794401584846e-04	 1.66521075792803165050e-06	-9.23543930943955797969e-05	 1.36414142959234333625e-04	-4.33445280120855149408e-05	 2.81230369676919273684e-04	 7.84168484910515513515e-06	-1.54618935164619053513e-01	-1.50747176919961700658e-01	-1.77407487433573096691e-01	-1.93636888040914834086e-01	-1.23364248172043855371e-05	-1.37221272676986821159e-05	-9.63035187273352889846e-06	-8.18414338531855835681e-06	
-6.59468637400516992722e-05	 3.09903367996139063591e-06	 7.03671838806522537352e-05	-4.33445280120855149408e-05	 3.82373597588388691899e-05	-8.26739338989086991168e-05	-1.05360100620206717108e-05	 6.34034289446629290010e-02	 6.69500569941458290035e-02	 7.12265723698263242269e-02	 6.70731835993790270756e-02	 9.86230422456371278621e-06	 1.05692365217521756175e-05	 8.49787156693417397189e-06	 9.12445828353406954538e-06	
-7.24457322879810527300e-04	-1.96144306575676267599e-05	 5.01301268232560556164e-05	 2.81230369676919273684e-04	-8.26739338989086991168e-05	 4.49391415614324753192e-03	 3.69439360930992434571e-05	-4.65675849038538036684e-01	-4.15927779078710257998e-01	-5.57589776445233109570e-01	-3.69255781561838469784e-01	 1.30998364250042192199e-04	 1.15505905391128971304e-04	 1.24653861869036548370e-04	 1.07812397362517067064e-04	
 1.48475569858600483630e-04	 2.95391659711374907426e-06	-8.06298971646210536207e-05	 7.84168484910515513515e-06	-1.05360100620206717108e-05	 3.69439360930992434571e-05	 4.71247550429101911304e-05	-1.98901723119459875044e-02	-1.47320451442956492499e-02	-2.12467055083732682397e-02	-2.00032721198870021284e-02	-5.31724651049610808713e-05	-5.52020405721474798555e-05	-5.34589894302709252782e-05	-5.43541566148865546381e-05	
-7.27798692774765665359e-02	 4.38331076792533493730e-03	 1.29246781231065921425e-01	-1.54618935164619053513e-01	 6.34034289446629290010e-02	-4.65675849038538036684e-01	-1.98901723119459875044e-02	 4.00625252340365193504e+02	 2.46814393223518891318e+02	 2.95543083911535518382e+02	 2.65348227937470937832e+02	-1.84584996667605943932e-02	 1.38375962028732695831e-03	-5.29637906439003793707e-03	-3.57352867971832185295e-03	
-1.04399581348082901022e-01	 4.35159219767363748821e-03	 1.25437988862331151196e-01	-1.50747176919961700658e-01	 6.69500569941458290035e-02	-4.15927779078710257998e-01	-1.47320451442956492499e-02	 2.46814393223518891318e+02	 3.34926944851434882366e+02	 2.31696847411830106012e+02	 2.35037621030137501066e+02	-1.57793765731397577813e-03	-9.39132504990228787756e-03	-4.70615430186532995058e-05	-2.61134029513630924399e-03	
-1.37121149668805869526e-01	 3.73274398422122118818e-03	 1.37786388217720101590e-01	-1.77407487433573096691e-01	 7.12265723698263242269e-02	-5.57589776445233109570e-01	-2.12467055083732682397e-02	 2.95543083911535518382e+02	 2.31696847411830106012e+02	 4.48603279333437399146e+02	 2.63852218318657321561e+02	 2.79501247084832163403e-03	 1.25921444577181233793e-02	-1.21847673719815245696e-02	 7.77047080076818160593e-03	
-2.32819183967416354353e-01	-5.39074457271606168919e-04	 1.50278459074299985954e-01	-1.93636888040914834086e-01	 6.70731835993790270756e-02	-3.69255781561838469784e-01	-2.00032721198870021284e-02	 2.65348227937470937832e+02	 2.35037621030137501066e+02	 2.63852218318657321561e+02	 4.37921738555673812243e+02	 1.95267101205426618638e-02	 2.39885475281632308542e-02	 1.71050869307857525414e-02	 1.91843523870887560159e-04	
-2.55372029484845033433e-04	-5.51241089115901832131e-06	 1.02443542838296484270e-04	-1.23364248172043855371e-05	 9.86230422456371278621e-06	 1.30998364250042192199e-04	-5.31724651049610808713e-05	-1.84584996667605943932e-02	-1.57793765731397577813e-03	 2.79501247084832163403e-03	 1.95267101205426618638e-02	 7.73155113398268727630e-05	 7.61596878720040542515e-05	 7.43141352314841531577e-05	 7.38432298493406824493e-05	
-2.56093108162561361799e-04	-5.37847959692475620141e-06	 1.05795335868047633778e-04	-1.37221272676986821159e-05	 1.05692365217521756175e-05	 1.15505905391128971304e-04	-5.52020405721474798555e-05	 1.38375962028732695831e-03	-9.39132504990228787756e-03	 1.25921444577181233793e-02	 2.39885475281632308542e-02	 7.61596878720040542515e-05	 7.94719105035094600283e-05	 7.51181712898540808075e-05	 7.54003321114839062311e-05	
-2.46931322327624644831e-04	-5.42293375954703966405e-06	 1.00409124096037665765e-04	-9.63035187273352889846e-06	 8.49787156693417397189e-06	 1.24653861869036548370e-04	-5.34589894302709252782e-05	-5.29637906439003793707e-03	-4.70615430186532995058e-05	-1.21847673719815245696e-02	 1.71050869307857525414e-02	 7.43141352314841531577e-05	 7.51181712898540808075e-05	 7.57362327141308783575e-05	 7.30778759629545615053e-05	
-2.41178617677629815409e-04	-5.11070457937106716571e-06	 1.00396282406837084088e-04	-8.18414338531855835681e-06	 9.12445828353406954538e-06	 1.07812397362517067064e-04	-5.43541566148865546381e-05	-3.57352867971832185295e-03	-2.61134029513630924399e-03	 7.77047080076818160593e-03	 1.91843523870887560159e-04	 7.38432298493406824493e-05	 7.54003321114839062311e-05	 7.30778759629545615053e-05	 7.55197169980236768022e-05	
