#           w0_fld,           wa_fld,          Omega_b,                h,              n_s,           sigma8,     Omega_m_camb,          P_shot0,          P_shot1,          P_shot2,          P_shot3,      lnbsigma8_0,      lnbsigma8_1,      lnbsigma8_2,      lnbsigma8_3
 7.04554269089571171207e+04	 1.64074510195522489084e+04	 8.05273368423603824340e+04	-7.68643675849826075137e+05	-5.60930172075755253900e+04	 8.78946365288151719142e+04	 2.37442055024761968525e+05	 8.41246747402899863744e+00	 8.51856307541120827409e+00	 7.29025795245801333522e+00	 6.89130226033477288894e+00	 1.22601967303670899128e+05	 1.27316700935067754472e+05	 1.13824492265107386629e+05	 1.16181794033661921276e+05	
 1.64074510195522489084e+04	 4.28511087991716067336e+03	 2.12662902032740967115e+04	-1.48552372289010760142e+05	-1.34470377492339466698e+04	 1.23176903330977984297e+04	 6.11234083231172407977e+04	 1.62142830655492398151e+00	 1.80365260298805929473e+00	 1.65231685807545103373e+00	 1.65822993943563101737e+00	 2.52109036622507119318e+04	 2.83766567725040877122e+04	 2.68527030441137321759e+04	 2.87570391506804662640e+04	
 8.05273368423603824340e+04	 2.12662902032740967115e+04	 4.60878294058752618730e+06	-2.07524554295616035233e+04	-8.84182804832129273564e+05	 2.82425978261094787740e+04	-1.60716915756933623925e+06	-3.85065092927541456902e+01	-3.50630121935655694188e+01	-2.67123001035990270680e+01	-2.02857229970096923921e+01	-7.10518591401306912303e+04	-3.07769401528730086284e+04	 3.15315583880364429206e+04	 1.55477982142780907452e+05	
-7.68643675849826075137e+05	-1.48552372289010760142e+05	-2.07524554295616035233e+04	 1.41035105488354675472e+07	 1.11092578472892724676e+05	-1.74035720544487121515e+06	-3.90070599807738838717e+06	-1.72328363655484281480e+02	-1.59212994696092096092e+02	-1.27024143328017146359e+02	-1.11690346891401688367e+02	-1.86037664694655011408e+06	-1.82521210120188910514e+06	-1.55665213736287178472e+06	-1.49555925456674024463e+06	
-5.60930172075755253900e+04	-1.34470377492339466698e+04	-8.84182804832129273564e+05	 1.11092578472892724676e+05	 2.53434368125254288316e+05	-4.10952419544202202815e+04	 3.11432863301817211322e+05	 8.58482053252586219116e+00	 7.54627705663641812350e+00	 5.44034564033829415308e+00	 3.59843724061587888485e+00	-1.84299377402619065833e+04	-3.07710347139609366423e+04	-4.40514290276460669702e+04	-7.87582186966125154868e+04	
 8.78946365288151719142e+04	 1.23176903330977984297e+04	 2.82425978261094787740e+04	-1.74035720544487121515e+06	-4.10952419544202202815e+04	 2.84980622050946811214e+05	 2.98919932484809833113e+05	 1.79440199273104497024e+01	 1.62484649425039577864e+01	 1.27787847548585773438e+01	 1.12308348336966687953e+01	 2.02339041965494339820e+05	 1.95387046027082018554e+05	 1.65462338548226398416e+05	 1.61287024300553312059e+05	
 2.37442055024761968525e+05	 6.11234083231172407977e+04	-1.60716915756933623925e+06	-3.90070599807738838717e+06	 3.11432863301817211322e+05	 2.98919932484809833113e+05	 2.28319025100460648537e+06	 6.54983416280990837777e+01	 6.38237397190847559614e+01	 5.32989550779780572043e+01	 4.86334584425507401306e+01	 6.07633427651190664619e+05	 6.25134324633604148403e+05	 5.45054212457968620583e+05	 5.09863319766432512552e+05	
 8.41246747402899863744e+00	 1.62142830655492398151e+00	-3.85065092927541456902e+01	-1.72328363655484281480e+02	 8.58482053252586219116e+00	 1.79440199273104497024e+01	 6.54983416280990837777e+01	 9.39634829345705087367e-03	0.00000000000000000000e+00	0.00000000000000000000e+00	0.00000000000000000000e+00	 8.40451208342844608978e+01	0.00000000000000000000e+00	0.00000000000000000000e+00	0.00000000000000000000e+00	
 8.51856307541120827409e+00	 1.80365260298805929473e+00	-3.50630121935655694188e+01	-1.59212994696092096092e+02	 7.54627705663641812350e+00	 1.62484649425039577864e+01	 6.38237397190847559614e+01	0.00000000000000000000e+00	 8.56318321152146552655e-03	0.00000000000000000000e+00	 3.11602245471175737235e-19	0.00000000000000000000e+00	 8.02306727263107291037e+01	0.00000000000000000000e+00	0.00000000000000000000e+00	
 7.29025795245801333522e+00	 1.65231685807545103373e+00	-2.67123001035990270680e+01	-1.27024143328017146359e+02	 5.44034564033829415308e+00	 1.27787847548585773438e+01	 5.32989550779780572043e+01	0.00000000000000000000e+00	0.00000000000000000000e+00	 6.74599944969235792297e-03	0.00000000000000000000e+00	0.00000000000000000000e+00	0.00000000000000000000e+00	 6.62046580293482520574e+01	0.00000000000000000000e+00	
 6.89130226033477288894e+00	 1.65822993943563101737e+00	-2.02857229970096923921e+01	-1.11690346891401688367e+02	 3.59843724061587888485e+00	 1.12308348336966687953e+01	 4.86334584425507401306e+01	0.00000000000000000000e+00	 3.11602245471175737235e-19	0.00000000000000000000e+00	 5.88318992375912869219e-03	0.00000000000000000000e+00	0.00000000000000000000e+00	0.00000000000000000000e+00	 6.06310292874099161509e+01	
 1.22601967303670899128e+05	 2.52109036622507119318e+04	-7.10518591401306912303e+04	-1.86037664694655011408e+06	-1.84299377402619065833e+04	 2.02339041965494339820e+05	 6.07633427651190664619e+05	 8.40451208342844608978e+01	0.00000000000000000000e+00	0.00000000000000000000e+00	0.00000000000000000000e+00	 1.00735513337252184283e+06	0.00000000000000000000e+00	0.00000000000000000000e+00	0.00000000000000000000e+00	
 1.27316700935067754472e+05	 2.83766567725040877122e+04	-3.07769401528730086284e+04	-1.82521210120188910514e+06	-3.07710347139609366423e+04	 1.95387046027082018554e+05	 6.25134324633604148403e+05	0.00000000000000000000e+00	 8.02306727263107291037e+01	0.00000000000000000000e+00	0.00000000000000000000e+00	0.00000000000000000000e+00	 1.01386766924560896587e+06	0.00000000000000000000e+00	0.00000000000000000000e+00	
 1.13824492265107386629e+05	 2.68527030441137321759e+04	 3.15315583880364429206e+04	-1.55665213736287178472e+06	-4.40514290276460669702e+04	 1.65462338548226398416e+05	 5.45054212457968620583e+05	0.00000000000000000000e+00	0.00000000000000000000e+00	 6.62046580293482520574e+01	0.00000000000000000000e+00	0.00000000000000000000e+00	0.00000000000000000000e+00	 8.88183525609652511775e+05	0.00000000000000000000e+00	
 1.16181794033661921276e+05	 2.87570391506804662640e+04	 1.55477982142780907452e+05	-1.49555925456674024463e+06	-7.87582186966125154868e+04	 1.61287024300553312059e+05	 5.09863319766432512552e+05	0.00000000000000000000e+00	0.00000000000000000000e+00	0.00000000000000000000e+00	 6.06310292874099161509e+01	0.00000000000000000000e+00	0.00000000000000000000e+00	0.00000000000000000000e+00	 8.82323021185436518863e+05	
