#          Omega_b,                h,              n_s,           sigma8,       N_eff_camb,        m_nu_camb,     Omega_m_camb,          P_shot0,          P_shot1,          P_shot2,          P_shot3,      lnbsigma8_0,      lnbsigma8_1,      lnbsigma8_2,      lnbsigma8_3
 5.46434034904304705560e+06	 1.64906271285290177912e+06	-1.12629401092881662771e+06	-1.04534586604269017698e+05	 4.61877016227034982876e+04	 1.17145606619497120846e+05	-2.45539009347709547728e+06	-9.93413309761105551843e+01	-8.76517258829309753310e+01	-6.47291632233533675844e+01	-4.83481772549583368459e+01	-3.17861224031329387799e+05	-2.51666676407638646197e+05	-1.32350396417540207040e+05	 3.36560017326073284494e+04	
 1.64906271285290177912e+06	 1.79441582611404210329e+07	-4.20518414937316265423e+05	-2.09093296762106660753e+06	 1.38967380526702363568e+04	 1.55055815468077489641e+05	-5.52128207731109671295e+06	-3.14703711821098693235e+02	-2.80577962954418865138e+02	-2.13334107224594845320e+02	-1.74001809723433382260e+02	-2.36195521287394920364e+06	-2.26830313271744456142e+06	-1.87804551082713901997e+06	-1.72183675350368372165e+06	
-1.12629401092881662771e+06	-4.20518414937316265423e+05	 3.27995329352376633324e+05	 2.60958026419829494102e+01	-1.00628881147829542897e+04	-3.09951054972188576357e+04	 5.77323720707188127562e+05	 2.75660906909947911458e+01	 2.41578571969566979760e+01	 1.75986924945454781266e+01	 1.27145288763960024880e+01	 5.91144769299669278553e+04	 3.97370617827978712739e+04	 9.22521214586413043435e+03	-3.79145215992294979515e+04	
-1.04534586604269017698e+05	-2.09093296762106660753e+06	 2.60958026419829494102e+01	 3.23044807470329687931e+05	-9.24949744956837662357e+02	-1.45162276880635363341e+04	 4.04528615850696514826e+05	 3.01569169581414335823e+01	 2.63902590889993255985e+01	 1.98228712412400973619e+01	 1.62224620812821243021e+01	 2.40220903468869102653e+05	 2.28088000802317401394e+05	 1.88690111777108919341e+05	 1.77321979805045062676e+05	
 4.61877016227034982876e+04	 1.38967380526702363568e+04	-1.00628881147829542897e+04	-9.24949744956837662357e+02	 4.23183793109957548495e+02	 1.01131190408740371822e+03	-2.08779088828692692914e+04	-8.86983197334517692312e-01	-7.79749856570065791317e-01	-5.73615791701148625137e-01	-4.26132738802486477070e-01	-2.80263622149812727002e+03	-2.20026954821991193967e+03	-1.13585158881687993926e+03	 3.40063353722161764381e+02	
 1.17145606619497120846e+05	 1.55055815468077489641e+05	-3.09951054972188576357e+04	-1.45162276880635363341e+04	 1.01131190408740371822e+03	 4.08878486012196844968e+03	-9.25889786066727829166e+04	-4.08368244639040689492e+00	-3.61022578464369559015e+00	-2.70270942421522963883e+00	-2.11220034804841638731e+00	-2.10977934558399792877e+04	-1.90202646134638707736e+04	-1.40029721134623905527e+04	-9.23978241155919749872e+03	
-2.45539009347709547728e+06	-5.52128207731109671295e+06	 5.77323720707188127562e+05	 4.04528615850696514826e+05	-2.08779088828692692914e+04	-9.25889786066727829166e+04	 3.31547327906266925856e+06	 1.27266406145967835073e+02	 1.19360108893550631137e+02	 9.51516492511652955955e+01	 8.11172258103495380510e+01	 8.79106505983195267618e+05	 8.77956736288102576509e+05	 7.39312338613118045032e+05	 6.58750831327573629096e+05	
-9.93413309761105551843e+01	-3.14703711821098693235e+02	 2.75660906909947911458e+01	 3.01569169581414335823e+01	-8.86983197334517692312e-01	-4.08368244639040689492e+00	 1.27266406145967835073e+02	 2.44495718860135297090e-02	-7.83717234447041388723e-19	-7.23472016073579277107e-19	 6.79214544579542084390e-19	 1.42757324806094629821e+02	0.00000000000000000000e+00	-8.24253859610379890910e-15	0.00000000000000000000e+00	
-8.76517258829309753310e+01	-2.80577962954418865138e+02	 2.41578571969566979760e+01	 2.63902590889993255985e+01	-7.79749856570065791317e-01	-3.61022578464369559015e+00	 1.19360108893550631137e+02	-7.83717234447041388723e-19	 2.13203542975918987346e-02	-6.83555588434220373628e-19	0.00000000000000000000e+00	 8.42034775239142163628e-15	 1.32051848350929844855e+02	-7.78977576887385225746e-15	0.00000000000000000000e+00	
-6.47291632233533675844e+01	-2.13334107224594845320e+02	 1.75986924945454781266e+01	 1.98228712412400973619e+01	-5.73615791701148625137e-01	-2.70270942421522963883e+00	 9.51516492511652955955e+01	-7.23472016073579277107e-19	-6.83555588434220373628e-19	 1.58622686808376073264e-02	0.00000000000000000000e+00	0.00000000000000000000e+00	0.00000000000000000000e+00	 1.04412278301127059876e+02	0.00000000000000000000e+00	
-4.83481772549583368459e+01	-1.74001809723433382260e+02	 1.27145288763960024880e+01	 1.62224620812821243021e+01	-4.26132738802486477070e-01	-2.11220034804841638731e+00	 8.11172258103495380510e+01	 6.79214544579542084390e-19	0.00000000000000000000e+00	0.00000000000000000000e+00	 1.26899821508419680810e-02	0.00000000000000000000e+00	0.00000000000000000000e+00	0.00000000000000000000e+00	 8.94048795709391441733e+01	
-3.17861224031329387799e+05	-2.36195521287394920364e+06	 5.91144769299669278553e+04	 2.40220903468869102653e+05	-2.80263622149812727002e+03	-2.10977934558399792877e+04	 8.79106505983195267618e+05	 1.42757324806094629821e+02	 8.42034775239142163628e-15	0.00000000000000000000e+00	0.00000000000000000000e+00	 1.24776382675014086999e+06	 4.58495463817598647438e-11	0.00000000000000000000e+00	0.00000000000000000000e+00	
-2.51666676407638646197e+05	-2.26830313271744456142e+06	 3.97370617827978712739e+04	 2.28088000802317401394e+05	-2.20026954821991193967e+03	-1.90202646134638707736e+04	 8.77956736288102576509e+05	0.00000000000000000000e+00	 1.32051848350929844855e+02	0.00000000000000000000e+00	0.00000000000000000000e+00	 4.58495463817598647438e-11	 1.23109872976161190309e+06	-4.24158486111991805956e-11	0.00000000000000000000e+00	
-1.32350396417540207040e+05	-1.87804551082713901997e+06	 9.22521214586413043435e+03	 1.88690111777108919341e+05	-1.13585158881687993926e+03	-1.40029721134623905527e+04	 7.39312338613118045032e+05	-8.24253859610379890910e-15	-7.78977576887385225746e-15	 1.04412278301127059876e+02	0.00000000000000000000e+00	0.00000000000000000000e+00	-4.24158486111991805956e-11	 1.04961228944005887024e+06	0.00000000000000000000e+00	
 3.36560017326073284494e+04	-1.72183675350368372165e+06	-3.79145215992294979515e+04	 1.77321979805045062676e+05	 3.40063353722161764381e+02	-9.23978241155919749872e+03	 6.58750831327573629096e+05	0.00000000000000000000e+00	0.00000000000000000000e+00	0.00000000000000000000e+00	 8.94048795709391441733e+01	0.00000000000000000000e+00	0.00000000000000000000e+00	0.00000000000000000000e+00	 9.99339771470407606103e+05	
