,Omegam,Omegab,h,ns,sigma8,mnu,Neff,b1,b2,b3,b4,b5,b6,b7,b8,b9,b10,AIA,betaIA,etaIA
Omegam,20353612.833612017,-13060148.657126611,3125698.326042215,4262522.579620063,23714623.23494654,1073741.8195548062,-113374.61480927526,-887111.1885504998,356137.34597522067,567572.3106271306,672085.3767533656,710296.6661448159,759074.9419425719,680810.8699671107,768178.475730017,692021.2153213224,432451.00901139836,16776.426063654595,9723.647102161953,29494.616245936602
Omegab,-13060148.657126611,21187586.100877274,-4763739.398442753,-6164491.259992149,-37334813.778689116,-2337795.776535729,183925.2156389636,-2634004.790331313,-2117888.313885419,-1672445.059886422,-1564883.2464056874,-1419429.1471105798,-1378625.9485104878,-1154800.2776520366,-1232095.5973905334,-1049255.5050095513,-605186.3581037475,310.97404921423913,-1831.3129056943276,-217.65458658814936
h,3125698.326042215,-4763739.398442753,1110968.049606037,1552185.3421952613,8349114.290412603,508058.69639673695,-41461.28807061264,691938.9079487202,491729.4050354711,365964.39679665567,330375.15684491565,293252.9195509902,281223.7147860362,234056.45961493716,248759.06491808328,210506.59295228496,118342.19874538493,-200.10001725091092,552.0216813220452,-98.03976919446352
ns,4262522.579620063,-6164491.259992149,1552185.3421952613,2686759.3863857966,10780858.15448083,605687.1886164238,-53019.43268744983,1538417.2733255636,863343.2070648863,530203.8645748092,398382.2277443289,293976.13779784855,233791.8915634122,161632.9240518688,140111.93645768432,89602.85242462631,26488.51959339584,-832.2578875140906,1127.4506131266535,-850.899906395316
sigma8,23714623.23494654,-37334813.778689116,8349114.290412603,10780858.15448083,81892483.7555651,5296018.144420018,-326119.9646517335,6187971.656007893,5214329.682060633,4074966.65521961,3709172.187113974,3239732.1307055294,3014209.578884947,2418431.1296409634,2478033.2170184557,2051306.7907250633,1240418.7271686778,335.67793126674223,3191.1771545762235,1737.321086593195
mnu,1073741.8195548062,-2337795.776535729,508058.69639673695,605687.1886164238,5296018.144420018,364776.5563212025,-20492.76940491228,448515.6266228227,345545.651701852,269348.9312419706,248263.91980021767,220326.42243938302,209193.31470021253,171748.58186893718,181128.75008287825,156297.74555340077,101027.19690450499,62.59178829758248,-1.6144772994915795,96.945067097623
Neff,-113374.61480927526,183925.2156389636,-41461.28807061264,-53019.43268744983,-326119.9646517335,-20492.76940491228,1611.2498652185755,-22279.35021927693,-18234.253428950615,-14556.783673582915,-13725.341530499412,-12518.628928421293,-12207.248732716342,-10255.217476879572,-10964.033675540259,-9341.0340912591,-5372.341306684207,3.122083628775923,-15.233023955306082,-0.98669503180149
b1,-887111.1885504998,-2634004.790331313,691938.9079487202,1538417.2733255636,6187971.656007893,448515.6266228227,-22279.35021927693,3657125.3851315062,365509.41024599,7538.450526267621,3030.9425744823093,531.8137716902429,148.51057873639215,65.71182339810264,30.83001475945098,2.9405741826281497,4.668970558967578,87.18201141764318,-246.85164797864627,50.043598534495324
b2,356137.34597522067,-2117888.313885419,491729.4050354711,863343.2070648863,5214329.682060633,345545.651701852,-18234.253428950615,365509.41024599,1907435.2032041783,354745.28720311925,9395.622208246174,2386.9715811851434,381.9017719015594,29.836857817641203,12.346111403610218,1.732464488883116,1.682764917600871,-27.100369784935634,23.971029296551308,-27.999281289249737
b3,567572.3106271306,-1672445.059886422,365964.39679665567,530203.8645748092,4074966.65521961,269348.9312419706,-14556.783673582915,7538.450526267621,354745.28720311925,1158701.7893360357,340541.3311235673,8828.932461539247,2036.4922115597667,289.1339255073622,29.541563367442354,6.123076329159414,0.7767028499480987,21.991822612802963,-6.634280340424958,21.204881488527583
b4,672085.3767533656,-1564883.2464056874,330375.15684491565,398382.2277443289,3709172.187113974,248263.91980021767,-13725.341530499412,3030.9425744823093,9395.622208246174,340541.3311235673,947663.0070916535,301490.6836039113,10629.96144613435,1802.5791790146782,244.29319378995262,17.947803572319835,4.8896500957814055,12.868825498825876,-21.910763289782295,11.52175055632708
b5,710296.6661448159,-1419429.1471105798,293252.9195509902,293976.13779784855,3239732.1307055294,220326.42243938302,-12518.628928421293,531.8137716902429,2386.9715811851434,8828.932461539247,301490.6836039113,763780.5521076252,267717.1284754895,8387.281939797364,1672.5113099471205,133.00682962248518,10.935732194477058,-2.327115212234826,2.228502214342196,2.7127151104633676
b6,759074.9419425719,-1378625.9485104878,281223.7147860362,233791.8915634122,3014209.578884947,209193.31470021253,-12207.248732716342,148.51057873639215,381.9017719015594,2036.4922115597667,10629.96144613435,267717.1284754895,702341.7028885179,231131.72703941257,11660.926203811105,1033.1670457948512,74.23510720381101,39.446605187598,-55.6343564202148,42.04563391403174
b7,680810.8699671107,-1154800.2776520366,234056.45961493716,161632.9240518688,2418431.1296409634,171748.58186893718,-10255.217476879572,65.71182339810264,29.836857817641203,289.1339255073622,1802.5791790146782,8387.281939797364,231131.72703941257,522117.3802764303,196867.9448304014,4884.392586532608,380.63129428375174,42.06691952215301,-53.08220531699069,50.353162927491574
b8,768178.475730017,-1232095.5973905334,248759.06491808328,140111.93645768432,2478033.2170184557,181128.75008287825,-10964.033675540259,30.83001475945098,12.346111403610218,29.541563367442354,244.29319378995262,1672.5113099471205,11660.926203811105,196867.9448304014,614524.0932610594,150370.23279793616,2751.5197713405696,60.32322691679657,-14.792934166867191,89.86517400997168
b9,692021.2153213224,-1049255.5050095513,210506.59295228496,89602.85242462631,2051306.7907250633,156297.74555340077,-9341.0340912591,2.9405741826281497,1.732464488883116,6.123076329159414,17.947803572319835,133.00682962248518,1033.1670457948512,4884.392586532608,150370.23279793616,573495.340648575,75308.63424474234,-34.5781780762241,-24.367121265461268,-72.89138768808257
b10,432451.00901139836,-605186.3581037475,118342.19874538493,26488.51959339584,1240418.7271686778,101027.19690450499,-5372.341306684207,4.668970558967578,1.682764917600871,0.7767028499480987,4.8896500957814055,10.935732194477058,74.23510720381101,380.63129428375174,2751.5197713405696,75308.63424474234,400792.6977465877,-239.20110196399116,-138.506859286279,-418.26866080314176
AIA,16776.426063654595,310.97404921423913,-200.10001725091092,-832.2578875140906,335.67793126674223,62.59178829758248,3.122083628775923,87.18201141764318,-27.100369784935634,21.991822612802963,12.868825498825876,-2.327115212234826,39.446605187598,42.06691952215301,60.32322691679657,-34.5781780762241,-239.20110196399116,3407.753958110427,556.2067504404441,5454.4606317776
betaIA,9723.647102161953,-1831.3129056943276,552.0216813220452,1127.4506131266535,3191.1771545762235,-1.6144772994915795,-15.233023955306082,-246.85164797864627,23.971029296551308,-6.634280340424958,-21.910763289782295,2.228502214342196,-55.6343564202148,-53.08220531699069,-14.792934166867191,-24.367121265461268,-138.506859286279,556.2067504404441,1412.9129272675157,1381.1620132149553
etaIA,29494.616245936602,-217.65458658814936,-98.03976919446352,-850.899906395316,1737.321086593195,96.945067097623,-0.98669503180149,50.043598534495324,-27.999281289249737,21.204881488527583,11.52175055632708,2.7127151104633676,42.04563391403174,50.353162927491574,89.86517400997168,-72.89138768808257,-418.26866080314176,5454.4606317776,1381.1620132149553,8915.245610315142
